299                                              

7.274766497189569e-01 -4.862278035846974e-02
7.641947069012097e-01 2.744546079015862e-03
9.972541972574454e-01 3.147223896893045e-03
1.244599892677176e+00 -1.720489063341746e-02

1.393484627673628e+00 -2.571837536425326e-01
1.454853882961979e+00 -3.853247893402186e-01
1.672780822168671e+00 6.932575405836254e-01
1.856302035842157e-01 -4.919830571429006e-01

1.393484627673629e+00 2.571837536425331e-01
1.454853882961979e+00 3.853247893402189e-01
1.672780822168672e+00 -6.932575405836259e-01
1.856302035842149e-01 4.919830571428992e-01

0.157390283245018399979e1 -0.604253976400176157665e0
0.122218372387215122891e1 0.295198205438755481171e0
0.171403584811327929557e1 0.484671337262047108600e0
0.145807938084594672276e0 -0.597369633883596730102e0

0.152198979879862614339692627393e1 -0.495132069791495993493064287728e0
0.150960893305958412250745619095e1 0.519954249092661922129865500657e0
0.224134257211167034546158352785e0 0.307445080618117144659062531353e-3
0.106687847823969314544357041325e2 -0.507641501878375424782948513281e1

7.050879381436963e-01 2.651990724650729e-03
6.314706613680038e-01 1.124515701028788e-01
-2.705590204090492e-01 -1.205245041851043e-01
2.631785239571587e+00 5.601784156284700e-01

7.016638807349456e-01 -4.065788286767416e-17
4.276109677036328e-01 2.660683386775365e-16
8.120649260489369e-01 -7.598925633438147e-17
-1.069115751328837e-01 1.955124323359479e-15

0.168345784172810775960e1 -0.522837550879805571739e0
0.638516911835392103418e0 0.634700167267204784765e-2
0.180476144863467630121e1 0.655529267486342950952e0
0.829809441511923852764e-1 -0.542670761275678316957e0

0.652333201410485311652e0 -0.163257636016177204761e0
0.187535463434724698496e0 -0.370456804659854167919e-1
-0.338550281327344323496e0 0.388168511166092249884e0
0.245976139171059242209e1 0.579636925062129305399e0

0.733381436916294569614387971289e0 0.690721280635813287604212044004e-17
0.887620244549358642739927956326e0 0.435080530834460087696707002517e-16
0.590431489682744625585621393588e0 0.217875484698097731761850652868e-16
0.680555621394396644704844211164e1 -0.101556422832340266630906699978e-15

1.573902832450182e+00 6.042539764001751e-01
1.222183723872150e+00 -2.951982054387551e-01
1.714035848113278e+00 -4.846713372620463e-01
1.458079380845967e-01 5.973696338835994e-01

1.585966711518553e+00 5.013913460433624e-01
6.349364496956905e-01 -7.501242034879028e-03
-1.205420259652330e+00 6.102094317566139e-01
1.251183477501095e-01 8.595729235248326e-01

0.224587567249701959321e1 0.830845617184541787440e0
-0.198438276527567290515e1 0.770891861136962157288e0
0.200635591915855797168e1 -0.662923447238895041005e0
-0.983749131101497533808e-3 0.753892940454837726992e-2

1.867701266555105e+00 1.889698514310693e-01
-2.011517149335300e+00 1.194296301855281e+00
-1.816700884833319e+00 -5.106435867573622e-01
3.548223648846693e-03 5.333572643408464e-03

0.686356167714908295841e0 0.282847250612416817382e-1
0.184494191037130415218e0 0.442875124652395220194e-1
-0.328179901881143199415e0 -0.427847264793766782497e0
0.255804708048153832140e1 -0.701028477480740150069e0

0.244579933000884322449e1 0.612648558876039431190e0
-0.220068684196055880582e1 0.116007777144508606435e1
0.228557838052676424621e0 -0.222144184836295024022e-2
-0.195679318754331076549e-2 0.127509020575752930781e-1

7.115192754707010e-02 7.679922448132062e-03
-7.055733423240121e-01 -2.123088036154285e-01
8.357575826899650e-01 1.934587689341964e-01
3.769579174029457e-02 -1.578643981622572e-02

8.296772885048499e-01 -1.146557170277396e-02
-2.422198615992401e+00 -1.210489458366528e+00
-2.320432443872700e+00 7.601692119364498e-01
2.708796629566364e-03 -3.087394960803319e-03

7.203734296883222e-01 -3.335769503661470e-02
-8.401070725000029e-01 -9.394446795262849e-04
9.534528190471868e-01 1.437835228920417e-03
4.073484283631242e-02 -1.546855511753339e-04

7.203734296883223e-01 3.335769503661472e-02
-8.401070725000029e-01 9.394446795260564e-04
9.534528190471868e-01 -1.437835228920331e-03
4.073484283631245e-02 1.546855511753551e-04

7.062273372858566e-01 1.198650246587293e-03
-6.299641092000979e-01 -1.292051892387794e-01
-2.918504218143315e-01 -1.206544980970286e-01
8.326556744230280e-02 -6.482574095089140e-03

7.217306228177462e-01 3.002035705733988e-02
-5.445264234656197e-01 1.649287894931612e-03
9.540534122978277e-01 -3.316473858499313e-03
1.078172694861054e-01 2.736846248043718e-04

7.217306228177462e-01 -3.002035705733963e-02
-5.445264234656196e-01 -1.649287894931729e-03
9.540534122978276e-01 3.316473858499310e-03
1.078172694861054e-01 -2.736846248043427e-04

1.585966711518554e+00 -5.013913460433620e-01
6.349364496956906e-01 7.501242034879179e-03
-1.205420259652330e+00 -6.102094317566151e-01
1.251183477501068e-01 -8.595729235248317e-01

1.488551582375965e+00 5.764398234013666e-01
1.157856063119853e+00 -2.685469807605176e-01
-1.125782486121213e+00 4.524289474181214e-01
2.338413462481939e-01 9.490137955435962e-01

6.607034554906359e-01 8.938324784805593e-02
6.587087724873969e-01 9.776404694898570e-02
-2.993502140223508e-01 -1.030972786276823e-01
2.604173389295845e+00 5.173702740278859e-01

5.869806351939286e-01 -5.444740353130175e-16
5.550279748507431e-01 -4.906070857547096e-16
4.940325239538694e-01 -1.254680845737548e-15
1.707210553984342e+00 -6.293102121027304e-15

1.317130078373679e+00 2.441699763464403e-01
1.379462154779178e+00 3.816123892067599e-01
-1.086715671507263e+00 6.439120396819465e-01
3.035683940579713e-01 7.807862648062748e-01

0.660703455490635890954e0 -0.893832478480558224063e-1
0.658708772487397241672e0 -0.977640469489857415067e-1
-0.299350214022351059990e0 0.103097278627682218676e0
0.260417338929584326473e1 -0.517370274027885082102e0

0.218958980434897214384889281010e1 0.807031165781952883027281882006e0
-0.193994920592226231528936477417e1 0.754998756129414915053710254066e0
-0.144381305757361314695474084854e1 0.643918986210265472569886205151e0
-0.129135806952305091018785229086e-2 0.888129997641078046399588448648e-2

8.296772885048499e-01 1.146557170277370e-02
-2.422198615992405e+00 1.210489458366529e+00
-2.320432443872703e+00 -7.601692119364515e-01
2.708796629566355e-03 3.087394960803306e-03

0.707106781186537683079e0 -0.541065131066942317517e-13
-0.707106781186557019608e0 -0.539244755619339155572e-13
-0.632302691600258183801e-13 0.114435782494823403903e-12
0.999999999999998778050e0 -0.598208548668877071464e-16

0.707106781186538017009049534870e0 -0.539362145702935130781495693317e-13
-0.707106781186556645561046209803e0 -0.540818195158207495819837952141e-13
0.475762744444106718358316414103e-13 -0.168206087167202730050319401052e-13
0.100000000000000001177358130985e1 -0.504754200564856160603036820609e-16

1.683457841728107e+00 5.228375508798053e-01
6.385169118353923e-01 -6.347001672672005e-03
1.804761448634676e+00 -6.555292674863427e-01
8.298094415119193e-02 5.426707612756790e-01

6.523332014104856e-01 1.632576360161772e-01
1.875354634347248e-01 3.704568046598569e-02
-3.385502813273441e-01 -3.881685111660925e-01
2.459761391710600e+00 -5.796369250621303e-01

5.220552180650312e-01 4.528029078783335e-17
7.107081856402978e-01 8.796661233911993e-17
4.567437491701846e-01 -7.602685503614871e-17
8.436870186449252e-01 -6.339887719970395e-16

1.007612042865253e+00 2.659479872340885e-01
1.534803209660407e+00 -5.974795918323061e-01
-1.223396210143555e+00 -4.801924221327123e-01
4.905548200972144e-01 -5.907452887210993e-01

7.274766497189565e-01 4.862278035846948e-02
7.641947069012093e-01 -2.744546079015807e-03
9.972541972574448e-01 -3.147223896893139e-03
1.244599892677178e+00 1.720489063341743e-02

4.258210109870175e-01 -5.485105176241453e-18
7.093723342632190e-01 -1.196370764047284e-17
8.061008785959139e-01 -1.052952748991144e-17
-1.790276204201849e-01 -2.230635998094721e-16

8.920817126942610e-01 -5.473577145898949e-02
1.669842203563920e+00 -5.276493027202845e-01
1.801289117882707e+00 6.459440799929702e-01
1.949398810532831e-01 -4.021749135409596e-01

0.889683392576209791339833485544e0 0.281545253280299078744253050797e-16
0.696657635035622046536292873999e0 0.737610707747904311829407990694e-17
0.594533508403814311834346239148e0 0.770698204252420982650018891562e-17
0.849340802302245163344134851380e1 0.101039791797250558466790457195e-16

7.303585357646520e-01 4.666921693512792e-02
6.826675600346905e-01 -1.350543433302445e-03
1.002557311172375e+00 -4.319037469782240e-03
1.288724393846834e+00 1.279395211314794e-02

5.510815710467573e-01 -2.165721655109337e-16
5.215179161590368e-01 -2.503197357413481e-16
8.553213995901637e-01 -1.640331720556590e-16
3.696125046558100e-01 -1.526722140127078e-15

6.296398903495981e-01 1.091360884908593e-01
7.080446089679898e-01 -1.168611334910546e-03
-2.664994076059680e-01 -1.233429448954401e-01
2.408635544319757e+00 7.955249244838377e-01

2.495790031798180e-01 -3.091248479316266e-02
1.944762541483785e-01 -2.520723666329506e-02
9.009019575400397e-01 -4.085389289994080e-01
1.038551432813880e+00 2.533974067691813e-01

0.804961348588322623621e0 0.307668059163719786374e0
0.206477759439183921553e0 0.385716624950519846433e-3
-0.342072990295131013522e0 0.109024033956293755552e0
0.160741969818793568935e1 0.381743771735850092610e1

7.650865660393359e-01 2.396207543625856e-01
1.183979412537199e-01 5.851428692157042e-04
8.486406921642143e-01 -7.521359911586133e-02
1.034132588494262e+00 1.740158586467000e+00

0.662005077773348310347e0 0.120066972185331102054e0
0.110135182941020138935e0 0.126146010152961031381e-1
0.846456686838677782743e0 0.272988948653393437136e0
0.126363349479781632875e1 -0.138578860201733580277e0

1.253599693706268e-01 -2.215353614313385e-02
-7.132251599654632e-01 2.928313402691308e-01
-3.152251008044147e-01 2.707182568359606e-01
4.365855257194330e-02 2.803001242521047e-02

0.768522387444321755727567947856e0 0.295546626331265968618427450370e0
0.204470224091515112150837277841e0 0.807468429924282420594537225801e-2
0.163240459278729920508489352513e0 -0.758402180502533496586597687937e-3
0.589047248505310759480701220259e1 0.818795797774108517645374038783e1

0.161914390722240161434e1 0.433283306458345507221e0
-0.218794357138146701902e1 -0.855228022997835326895e0
-0.197787443074448200252e1 0.905730096991404686683e0
0.489634309051640267226e-2 -0.370005121294473087831e-2

0.707106781186595633576e0 -0.387989878940231402993e-14
-0.707106781186499769234e0 -0.379679469288130011506e-14
0.401665499120791195048e-13 -0.618469074532445581436e-16
-0.293141162385768261345e-15 -0.100000000000000112714e1

0.707106781186595989538005859539e0 -0.381271340709023346103519368330e-14
-0.707106781186499418533990333764e0 -0.372833676035529974316736218391e-14
-0.129089823271884959884810589573e-12 0.157059947592476707059879638907e-13
-0.206018917157220156595365287813e-16 -0.999999999999999983511071631015e0

0.768522387444322126949685882558e0 -0.295546626331266098813176172724e0
0.204470224091515588808914319244e0 -0.807468429924244897218450181893e-2
0.163240459278730000149201029797e0 0.758402180502594149470857108655e-3
0.589047248505316347998220569835e1 -0.818795797774110068938760285612e1

4.233625203387333e-01 2.302721515520768e-18
-7.338518204424949e-01 1.917413149034668e-18
7.803615523263779e-01 -1.116293489954550e-17
-1.584123675673635e-03 9.734330137955058e-18

4.932818878529583e-01 3.106436739086597e-18
-7.428180594793650e-01 -3.461601559170901e-17
5.243070371263989e-01 1.668546964294257e-17
1.337162789046624e-02 1.006327789479525e-17

1.176189335975619e-01 2.786069676032757e-02
-7.835697706057334e-01 6.376354889261919e-02
-3.432659990442322e-01 -4.355584427598329e-01
4.227632423280287e-02 5.124465130996269e-02

7.526956517470008e-02 2.771121040764685e-03
-7.573223500091233e-01 -2.475715132606304e-01
8.165880841079278e-01 -5.108680368623137e-02
4.879042713407510e-02 -6.349804711497894e-03

1.325350504927278e-01 4.405900191221317e-03
-7.868527173497308e-01 -3.163395857100795e-01
-2.541560597127732e-01 7.168709538653695e-02
5.915926174512327e-02 -1.854248077929626e-02

6.631535745529558e-01 8.861101724238123e-02
-6.567593734920868e-01 -1.202893183645414e-01
-3.203738460467453e-01 -1.016495707120488e-01
7.995563351718034e-02 -7.930169813156340e-03

1.176189335975620e-01 -2.786069676032754e-02
-7.835697706057334e-01 -6.376354889261930e-02
-3.432659990442322e-01 4.355584427598330e-01
4.227632423280288e-02 -5.124465130996268e-02

0.125359969370626716229e0 0.221535361431338065809e-1
-0.713225159965463266726e0 -0.292831340269130758938e0
-0.315225100804414678308e0 -0.270718256835960673838e0
0.436585525719432855010e-1 -0.280300124252104311727e-1

7.035255061880890e-01 -1.933587270085150e-02
1.078401368661899e-01 -1.453285404183993e-02
8.302981524946523e-01 -3.009777484448232e-01
1.291565334723401e+00 1.189931302448474e-01

6.296398903495982e-01 -1.091360884908592e-01
7.080446089679900e-01 1.168611334910499e-03
-2.664994076059680e-01 1.233429448954401e-01
2.408635544319757e+00 -7.955249244838385e-01

0.108486044571014957636e1 -0.271082061409109698215e0
0.161553520985857025736e1 0.618032347010560873923e0
0.180063925172781926214e1 -0.517453185786691815715e0
0.300360528522600642257e0 0.400943260244961407167e0

0.828206032350709606192e0 0.940706507184694675828e-2
-0.249981034240712195540e1 0.121400285590877812748e1
0.288361372736196632112e1 0.810158164371418596590e0
0.253566051010087647616e-2 0.245834541005841792724e-2

1.311905219395756e-01 -7.436396675419271e-03
-7.735857939770067e-01 3.106734022027364e-01
1.343652475447579e-01 9.297557345526859e-04
6.982000359147057e-02 3.099519475754557e-02

7.526956517470004e-02 -2.771121040764608e-03
-7.573223500091224e-01 2.475715132606299e-01
8.165880841079280e-01 5.108680368623109e-02
4.879042713407503e-02 6.349804711497892e-03

6.718238794828334e-02 -7.368198074426601e-03
-7.420047720857474e-01 -6.177673019101094e-02
8.366410659858439e-01 -2.996517037728843e-01
3.433271965706938e-02 -3.051258494266757e-02

0.901986110805467258540e0 0.820301484753237336025e-1
0.156615947070154999654e1 0.498340124472188895661e0
-0.119371209376149017096e1 0.602550153752970090479e0
0.315483103256331453375e0 0.644177498871286221410e0

3.324390414511573e-01 -6.218927845493034e-02
2.460654350484283e-01 -4.630391465131249e-02
-3.921951511447351e-01 4.805413002642598e-01
1.934974761962823e+00 7.204768967436430e-01

1.325350504927277e-01 -4.405900191221166e-03
-7.868527173497305e-01 3.163395857100792e-01
-2.541560597127727e-01 -7.168709538653679e-02
5.915926174512319e-02 1.854248077929623e-02

0.167952944363249471083e1 0.425787494236673224669e0
-0.224131263105953009536e1 -0.853775730792173119803e0
0.252465088811867842617e1 -0.949148407239079590055e0
0.443224337837076600995e-2 -0.286771391058599652229e-2

1.311905219395756e-01 7.436396675419191e-03
-7.735857939770069e-01 -3.106734022027364e-01
1.343652475447579e-01 -9.297557345527415e-04
6.982000359147054e-02 -3.099519475754553e-02

-0.212119813629120431602e1 0.834400018438053903147e0
0.239152410568704463546e1 0.900238778718068106727e0
0.211594729380525739277e1 -0.701413679153978206248e0
0.109725163964019678945e-3 0.404579659990682791131e-2

0.234331341691434255544e0 0.563275949956010769037e-3
0.798334913062278073831e0 0.300053916938817362068e0
-0.327040668297977211293e0 0.103398644904416155441e0
0.186453228509431781653e1 0.215428460323993114936e1

0.820111624629729453645720740212e0 -0.688736402616628038547699635281e-18
0.855032750352760972095337373684e0 -0.881102824906883986497894127600e-18
0.585441552567903840184140896225e0 0.323827267269776937432685207205e-17
0.654318315571309085814110826081e1 -0.274738874492526971632950523343e-16

-2.976285487205238e+00 1.629935914222721e+00
-2.883563540388030e+00 -7.892876394965626e-01
2.925021531539330e+00 6.453716268205132e-01
3.231349891234952e-04 1.201070886078710e-05

1.867701266555106e+00 -1.889698514310711e-01
-2.011517149335302e+00 -1.194296301855280e+00
-1.816700884833320e+00 5.106435867573640e-01
3.548223648846696e-03 -5.333572643408438e-03

-2.268374332775720e+00 -8.871596155692414e-01
1.792157139753768e+00 5.245948297643803e-01
-2.101316170564880e+00 9.681976760259090e-01
2.607135566818246e-03 -2.433401105386400e-03

-0.212365251147195342078062893358e1 0.131984117107216561667503279602e1
0.203056978237559134545756925520e1 0.256741843979760905345047419627e0
-0.192870354944577009750604229731e1 -0.475298992602861722640899759472e0
0.186319872778126253399198336139e-2 0.294108755466438609178654909196e-2

2.068127017549115e-01 5.164743811154865e-02
7.143120064105704e-01 -8.362047280186748e-03
-3.264286445970429e-01 -4.225715949328019e-01
2.002955095776122e+00 -1.772414444764185e-01

-0.237642874277668815778677754029e1 0.127140959061895133269346402727e1
0.264372032192221917099424480329e1 0.667730098641255665866663439558e0
0.229266437327045077098299465992e0 -0.196644933922124969316611597228e-2
0.238710258938364579725012993067e-5 0.607278720491553060280614204196e-2

-2.665589231790836e+00 1.333786728957080e+00
6.538735122760059e-01 -2.362147689562794e-03
3.085916151986702e+00 8.495592902476827e-01
1.391167749860424e-03 1.578007419907383e-03

-0.707106781186574332636e0 0.674364433923563960649e-14
0.707106781186523110317e0 0.621129429628167889499e-14
0.371068622829250531259e-13 -0.883236372904598456140e-13
0.205253362591840959883e-14 0.100000000000000028666e1

-0.707106781186575843743e0 0.689663034797102780793e-14
0.707106781186522607627e0 0.672203991688297142204e-14
0.483487224907521725492e-13 0.372566495618589813633e-13
-0.297616884479059984336e-15 0.100000000000000203418e1

-2.079205459363253e+00 8.195101153038106e-01
2.338251496698761e+00 8.776208065099634e-01
-1.556947535833811e+00 6.827891318082847e-01
8.542781986004203e-05 4.672266995785182e-03

1.314665647753764e-01 1.469942013980201e-03
7.628101919461856e-01 2.371130754871818e-01
8.435016356575533e-01 -7.163326365913843e-02
9.423162393219762e-01 9.824552211772798e-01

1.219656985907764e-01 1.341568226112466e-02
6.750428035861705e-01 1.456879362350935e-01
8.435995941558159e-01 2.529963956156863e-01
8.968305892235888e-01 -1.063972399107518e-01

-7.149126257587851e-01 2.980367422591855e-01
9.956547171294279e-02 -1.737252321149330e-02
-3.148725201987231e-01 2.687327607561283e-01
3.203301817416388e-02 2.145195336179679e-02

0.231909340584452870692712624734e0 0.968446119695799255897248391886e-2
0.766679237474225252787936453206e0 0.288611291967751708839645812430e0
0.158465666001196882496107188457e0 -0.439389082483056519636513518944e-3
0.496454190946876344622998917138e1 0.357130872705755527358325519432e1

-7.572936083838681e-01 2.493131001765442e-01
5.995580037554487e-02 -2.280522445196521e-03
8.148909214650123e-01 4.970650500585317e-02
3.741077067781962e-02 6.329368563431951e-03

-7.746361959939143e-01 3.144404417544233e-01
1.038866535299515e-01 -5.922172967303055e-03
1.329983267611133e-01 1.055671402079912e-03
4.973477837579213e-02 2.380660999791289e-02

-6.291321570063748e-01 1.292291623473602e-01
7.074861466489171e-01 5.090714808959618e-04
-2.919374111391024e-01 1.216803150816996e-01
5.241270190780156e-02 2.604258346761200e-03

-7.871565477371514e-01 3.197831846361748e-01
1.048967448031340e-01 -3.674039454838155e-03
-2.497268362002154e-01 -6.976497808830295e-02
4.301535099407112e-02 1.522840506369905e-02

-2.881838728716092e+00 -8.507046997116793e-01
-3.008678395141069e+00 1.572259759037120e+00
2.890601704856850e+00 6.848628237551374e-01
3.249681619262169e-04 -4.804346464431962e-05

-6.080714984982419e-01 -3.202273177701437e-17
-8.910356844472335e-01 1.209208653168995e-16
7.049940081565854e-01 -2.593878238276196e-17
1.262056139462128e-02 5.304705056447351e-18

-2.671091847501851e+00 1.046322152132879e+00
-2.641151891337570e+00 1.023236567455559e+00
3.340753257616270e+00 1.253324502751420e+00
1.694892146309049e-04 3.221818458436605e-04

-0.660025075191709660588404478990e0 0.109932767204849475247245713603e0
-0.660316265579181278858935545429e0 0.108321001875274671164693848522e0
-0.326616458518842892975784108113e0 0.100557766209752380067851374181e0
0.951472554889320674504538289668e-2 0.127525998283138444308416984249e-2

-0.707106781186547567647186637816e0 0.832223361546834877278164370564e-17
-0.707106781186547567647192131027e0 0.832222035894482645955781801149e-17
0.243170539604083149965570258787e-15 -0.318665562977157624684276432845e-15
0.353696418176488125488247675028e-20 0.999999999999999999993390800387e0

-0.707106781186547567372501905464e0 0.864991973258391073726297373486e-17
-0.707106781186547567372507471969e0 0.864990655698489552523142308706e-17
0.270314087927020420559238675420e-15 -0.753286798879458197701173364420e-18
0.414965804540535540935424673042e-20 0.100000000000000000000041515791e1

-0.707106781186549318249e0 -0.878664545636564930930e-15
-0.707106781186550737686e0 -0.357705401757280050390e-15
0.135867794521138291996e-14 -0.993056514953495428422e-14
0.109816760657566639444e-1 0.262751631941533694142e-15

-0.707106781186545137331649992205e0 -0.580527516623959277365976360964e-14
-0.707106781186544042720376679536e0 -0.542340030543174798656212902427e-14
-0.107683454531789927287579484242e-13 0.507257845744378637752288942449e-14
0.109816760657566493885916045971e-1 0.236584010882442521261466389405e-15

-0.707106781186548454139e0 0.241960043580874417657e-15
-0.707106781186547249537e0 -0.718765053985687130123e-15
-0.263499137440537649211e-15 -0.295418346237022995288e-15
0.109816760657567123311e-1 0.154779389242962368833e-16

-0.707106781186549849291e0 0.919064629088806039903e-16
-0.707106781186549207606e0 0.441338046837380648668e-16
0.915081039373788077343e-17 -0.370804588094546338292e-15
0.109816760657567478820e-1 0.127089882197219290749e-16

-0.707106781186547648610382684728e0 0.560755247687578868683632785487e-14
-0.707106781186552193896923671218e0 0.458526427863613828446313329374e-14
-0.567929362723423301007334858728e-14 -0.397439076096470830079899149557e-14
0.109816760657561953047309811507e-1 -0.128312362467329524838668745749e-15

-0.707106781186550176069e0 0.144346475961301679014e-13
-0.707106781186554969544e0 0.272120515140347740690e-14
0.134647983021041876900e-13 -0.513619605314496521863e-14
0.109816760657569531748e-1 0.292564438827806489601e-15

-0.707106781186550194447e0 0.144257232569978965930e-13
-0.707106781186554056754e0 0.266535518699331785974e-14
0.147727751428526374952e-13 -0.552111576729769621414e-14
0.109816760657569735612e-1 0.296301336432855649122e-15

-0.707106781186548994289e0 -0.217470627009858086254e-15
-0.707106781186549856772e0 0.110446320058382729812e-15
0.395164257254563527772e-15 -0.958090516396700807895e-14
0.109816760657566823902e-1 0.295248580358536960588e-15

-0.707106781186550261559e0 -0.531353254581631850861e-14
-0.707106781186548639430e0 -0.531727304331139349891e-14
-0.122432640931092173743e-13 0.507276207700835591443e-14
0.109816760657567369679e-1 0.255565192658791396491e-15

-0.707106781186544544019e0 0.522020306755605068005e-14
-0.707106781186552038837e0 0.411517743709524652651e-14
-0.576079249108511784546e-14 -0.390554487963310937179e-14
0.109816760657561282494e-1 -0.108491685653475024992e-15

-0.707106781186548474143e0 0.397089045672815998955e-16
-0.707106781186546639077e0 -0.712049776779855037034e-15
-0.140330127717224182896e-15 -0.416120967668543345385e-15
0.109816760657567000924e-1 0.100642337210387830537e-16

-0.707106781186546015064e0 -0.423618117580820685575e-15
-0.707106781186546760887e0 -0.147749651055462116744e-15
0.480933350313295335501e-16 -0.443890870385138466132e-15
0.109816760657567413793e-1 0.119587287866914325496e-16

-2.623150395330604e+00 1.052340226822405e+00
-2.593421908087862e+00 1.029355815716322e+00
-2.802245018876765e+00 -1.210275582108896e+00
1.644974929165841e-04 3.616571791715826e-04

3.324390414511575e-01 6.218927845493028e-02
2.460654350484283e-01 4.630391465131257e-02
-3.921951511447352e-01 -4.805413002642600e-01
1.934974761962823e+00 -7.204768967436437e-01

-8.543867773660117e-01 -7.037423809326730e-17
-8.503057973791233e-01 -2.849104623440951e-17
6.972795002506500e-01 -3.910600200510981e-17
6.810816492575335e-03 -7.811900737343814e-19

-2.671091847501847e+00 -1.046322152132882e+00
-2.641151891337566e+00 -1.023236567455561e+00
3.340753257616270e+00 -1.253324502751415e+00
1.694892146309045e-04 -3.221818458436607e-04

-0.893015835306810640379e0 -0.117906986257798607198e-17
-0.614980843511910289984e0 0.142301535138722456963e-18
0.704542057521172915638e0 -0.677626357803440271255e-20
0.116602142890486500020e-1 0.154583512873909811880e-19

-2.848880892862609e+00 -8.358012525396474e-01
-2.962118304731093e+00 1.557568154980773e+00
-2.344723625126918e+00 -6.619749633956301e-01
3.539714757671086e-04 -4.494967836880395e-05

-3.547774501529006e+00 1.466324095537080e+00
-3.581711131270330e+00 -1.387097959300356e+00
2.315122500769185e-01 -9.780665247697474e-05
3.555522506337018e-04 3.741634360316623e-05

-2.976285487205240e+00 -1.629935914222723e+00
-2.883563540388032e+00 7.892876394965618e-01
2.925021531539332e+00 -6.453716268205127e-01
3.231349891234949e-04 -1.201070886078769e-05

-0.226837433277572079355141862328e1 0.887159615569242424185527895112e0
0.179215713975376786768345697291e1 -0.524594829764380834656702419293e0
-0.210131617056488149197301553012e1 -0.968197676025908782085944392469e0
0.260713556681824211969125233750e-2 0.243340110538640110432044149288e-2

-0.624906911194701272371029787404e0 0.125490358188893598237153976777e0
-0.713846216188680441897923599332e0 -0.836760288798356999881591147084e-2
-0.288222075735539201132928211319e0 0.127451015937820432553919772104e0
0.845213148144564181302634341601e-2 -0.186432070143904079651236236748e-2

-2.121198136291202e+00 -8.344000184380586e-01
2.391524105687046e+00 -9.002387787180623e-01
2.115947293805255e+00 7.014136791539825e-01
1.097251639639973e-04 -4.045796599906834e-03

1.314665647753764e-01 -1.469942013980270e-03
7.628101919461858e-01 -2.371130754871819e-01
8.435016356575535e-01 7.163326365913825e-02
9.423162393219766e-01 -9.824552211772799e-01

-9.038175505303836e-01 -3.392066915708920e-17
7.007188170220116e-01 -1.951046257803273e-16
6.790739796638090e-01 -6.647576148628087e-17
4.178928646808537e-02 -1.760727420962228e-17

6.127974061391837e-01 -9.717820269994810e-17
-4.714514397757172e-01 8.131776830781968e-17
8.482076272282809e-01 -4.616978846879580e-18
7.965360620969139e-02 -2.520249560003079e-17

-0.207920545936325216376969252459e1 -0.819510115303810745329774992177e0
0.233825149669876100270180378662e1 -0.877620806509962669365897470521e0
-0.155694753583381079815569816627e1 -0.682789131808285066036126058168e0
0.854278198600405270742335415723e-4 -0.467226699578517482138416592615e-2

2.343313416914338e-01 -5.632759499556217e-04
7.983349130622783e-01 -3.000539169388169e-01
-3.270406682979770e-01 -1.033986449044164e-01
1.864532285094318e+00 -2.154284603239925e+00

-2.376428742776689e+00 -1.271409590618952e+00
2.643720321922221e+00 -6.677300986412558e-01
2.292664373270451e-01 1.966449339221253e-03
2.387102589378717e-06 -6.072787204915517e-03

-2.186264908205422e+00 1.330260899011976e+00
2.070233119015676e+00 2.800783588952661e-01
2.483639427750922e+00 5.092237329458884e-01
1.815827978011839e-03 2.442743309013707e-03

-7.068178209853999e-01 -2.156360135561509e-01
5.677105362947112e-02 6.134996591555495e-03
8.355224833575748e-01 1.912213402780456e-01
2.912993562798287e-02 -1.283388258538708e-02

-2.593527809760592e+00 -1.331030848743251e+00
6.535497764125393e-01 2.739918893488589e-03
-2.527945929362868e+00 8.026958805256258e-01
1.449116471002749e-03 -1.906445854522348e-03

-8.397766484545157e-01 -1.892196052390663e-17
6.913383917053679e-01 -2.877621190461198e-17
9.503669271551070e-01 7.084028114289566e-17
2.707356824964236e-02 4.165625378716099e-18

-0.707106781186548552591397781984e0 0.157815352226820463473358793171e-14
0.707106781186549601623285089142e0 -0.172055802574302262117362677130e-15
0.861687592943260992698604315510e-15 -0.143450709528703029893126640207e-15
0.100000000000000158372321092621e1 -0.457666902138714687501454194614e-15

-0.707106781186554019512e0 -0.292643513588597414810e-13
0.707106781186541506084e0 -0.275307391901097320286e-13
-0.521490662976372024956e-14 0.630289714317799007863e-13
0.100000000000000018019e1 0.120026601505007768367e-14

-0.714912625758785051119655464499e0 -0.298036742259185545754656661708e0
0.995654717129428476822929435427e-1 0.173725232114932963803362592728e-1
-0.314872520198723315880913576161e0 -0.268732760756128513714968400935e0
0.320330181741639035762904070775e-1 -0.214519533617968091028875295747e-1

-0.707106781186521469916064631394e0 -0.307392507304023357882236462046e-14
0.707106781186573681442864219370e0 -0.310330381107179441128071587179e-14
0.357786498484413483238615662318e-13 0.151970294026933268592506683159e-13
0.159128216827319974693549741842e-16 -0.999999999999999995632599383626e0

-0.707106781186520770175e0 -0.424817516234132774855e-14
0.707106781186575431312e0 -0.368295346477032214949e-14
-0.892306570417587757557e-13 0.271028611998993949960e-13
0.193638508005911091914e-14 -0.100000000000000078789e1

1.188355496572992e-01 -1.611835569823798e-02
7.092728480762218e-01 6.715753607830130e-03
8.299343036860335e-01 -2.991453926754767e-01
9.275138004371840e-01 -1.875691581816444e-02

-0.212365251147195614962e1 -0.131984117107216359873e1
0.203056978237559162138e1 -0.256741843979763650549e0
-0.192870354944577040892e1 0.475298992602864584867e0
0.186319872778126926241e-2 -0.294108755466437766361e-2

-2.928933903460081e+00 1.616066831204036e+00
-2.850630284105456e+00 -7.736696696289563e-01
-2.379394628969641e+00 -6.213870211506618e-01
3.504807349806782e-04 2.158495824125572e-05

-3.547774501529009e+00 -1.466324095537080e+00
-3.581711131270334e+00 1.387097959300358e+00
2.315122500769186e-01 9.780665247695845e-05
3.555522506337011e-04 -3.741634360316565e-05

-0.288183872871609372000491357831e1 0.850704699711682918916884779287e0
-0.300867839514107343125707481958e1 -0.157225975903711871047148246337e1
0.289060170485685173922348715171e1 -0.684862823755141047352362832827e0
0.324968161926215554049763143831e-3 0.480434646443209483508640886969e-4

-7.071067811865472e-01 2.704571754935991e-15
-7.071067811865471e-01 2.815594057398507e-15
-1.892231999707155e-14 -1.550385166786178e-14
-1.000000000000487e+00 -9.184626257900922e-13

-7.071067811865476e-01 3.801133888655380e-15
-7.071067811865475e-01 3.912156191117896e-15
1.281509655178926e-14 1.087008229246051e-14
-9.999999999997924e-01 2.696903327219176e-12

-2.623150395330603e+00 -1.052340226822407e+00
-2.593421908087861e+00 -1.029355815716324e+00
-2.802245018876767e+00 1.210275582108893e+00
1.644974929165833e-04 -3.616571791715821e-04

-7.071067811865436e-01 -5.535202844807814e-16
-7.071067811865436e-01 -4.633146637299875e-16
1.934508404027132e-14 -6.926849415766077e-16
-1.368045699855579e-12 -1.000000000000040e+00

-0.707106781186545550429e0 -0.441524394085776594743e-15
-0.707106781186545540888e0 -0.429166183385336352796e-15
-0.216595478068814197548e-13 0.321252625346715469697e-14
0.113503261965023499735e-14 -0.100000000000000134560e1

-7.071067811865476e-01 -2.710112693282560e-15
-7.071067811865476e-01 -2.710112693282560e-15
-1.451443523506402e-14 1.678220786998699e-14
1.000000000000252e+00 -1.622382711525653e-12

-7.071067811865499e-01 -2.315139659050514e-15
-7.071067811865499e-01 -2.259628507819257e-15
1.198560446275174e-14 -1.545763145444340e-14
9.999999999991259e-01 -1.233250663881221e-12

-8.172545082180361e-01 -9.837440001508766e-18
-8.131380845576834e-01 1.004638940923823e-17
9.333756618105510e-01 -1.101625077417243e-16
5.381626830012044e-03 2.149024648399126e-18

-7.382512306042074e-01 4.240641851753049e-18
-4.598663821131752e-01 -4.479250880086710e-18
5.948207062885040e-01 2.556551195562358e-17
4.550855516620204e-03 -4.587113018256994e-22

-0.292893390346007813970e1 -0.161606683120403761544e1
-0.285063028410545594147e1 0.773669669628954291541e0
-0.237939462896964087392e1 0.621387021150659722116e0
0.350480734980677937848e-3 -0.215849582412565829683e-4

-7.068178209853996e-01 2.156360135561508e-01
5.677105362947112e-02 -6.134996591555407e-03
8.355224833575745e-01 -1.912213402780459e-01
2.912993562798282e-02 1.283388258538708e-02

6.718238794828338e-02 7.368198074426757e-03
-7.420047720857471e-01 6.177673019101065e-02
8.366410659858446e-01 2.996517037728844e-01
3.433271965706942e-02 3.051258494266761e-02

-8.178639640222856e-01 -2.470676929695889e-17
-5.878575580720428e-01 9.696577085943257e-18
9.361645701049947e-01 1.681373973180194e-17
8.241696008556185e-03 -1.190149441837581e-20

-2.322429614100832e+00 8.846113271364625e-01
1.847091995486856e+00 -5.186727050341400e-01
2.647591077450004e+00 1.012280119350353e+00
2.416824374099640e-03 1.954364068622440e-03

-0.232242961410083074720e1 -0.884611327136464840155e0
0.184709199548685487125e1 0.518672705034142113507e0
0.264759107745000450349e1 -0.101228011935035031379e1
0.241682437409963470953e-2 -0.195436406862245393874e-2

-8.844072209308181e-01 -1.000915835857373e-16
8.017378435858622e-01 -1.426709991116494e-16
6.754236708119957e-01 -5.305169119781657e-17
3.998604312294594e-02 -7.416265474798110e-18

-0.707106781186543615941e0 0.239322179695217185369e-13
0.707106781186551491640e0 0.240383478096808933522e-13
-0.691986295516944289358e-13 -0.765863391592395020665e-13
-0.999999999999999857915e0 -0.216634436084328640959e-14

-0.707106781186542778775e0 0.243309333184532627925e-13
0.707106781186552179729e0 0.243661156789504174114e-13
0.281116361337811804874e-13 0.394366262884465288955e-14
-0.100000000000000062699e1 0.955615794828723608134e-15

-2.593527809760590e+00 1.331030848743247e+00
6.535497764125396e-01 -2.739918893488587e-03
-2.527945929362864e+00 -8.026958805256265e-01
1.449116471002756e-03 1.906445854522356e-03

-6.572722582929779e-01 1.195427962610631e-01
6.627369541739661e-01 -9.174534347052152e-02
-3.220072306557291e-01 1.013769237767112e-01
5.090725325602334e-02 5.578117221445173e-03

-8.384904521859802e-01 -1.557027770432170e-16
7.438237606103354e-01 -9.133575088992456e-18
9.483206872186649e-01 1.015742925144193e-16
2.684280601762369e-02 -1.161081294891640e-17

-0.629132157006373851082051243322e0 -0.129229162347360103103017904482e0
0.707486146648916905432333547126e0 -0.509071480895967098701828438705e-3
-0.291937411139102572486552658092e0 -0.121680315081699823072054504806e0
0.524127019078016687000728920751e-1 -0.260425834676111281282499366677e-2

0.231909340584452845992934251382e0 -0.968446119695799931706674175269e-2
0.766679237474225280497686055688e0 -0.288611291967751781277615347149e0
0.158465666001196874182861067803e0 0.439389082483057530125115805234e-3
0.496454190946876280766563815920e1 -0.357130872705755498331589847944e1

-0.707106781186952107355434039995e0 0.121107791875120448129598143921e-13
0.707106781186564992041696539829e0 0.707663621528192670123479682133e-15
0.143821087487293162039624263858e-12 -0.154357038714206857747499395097e-12
-0.140609552607539976898076063657e-12 -0.803673229950133907376413082596e-15

-0.707106781186919595125215643695e0 0.639052280676089736758845732525e-13
0.707106781186570222664193315728e0 0.621434584422937327310696285801e-14
0.119150149569719868973927092980e-12 -0.185814366624299278905304472912e-12
-0.132326239623591709254889014241e-12 0.738113759335300627769467573060e-14

-0.707106781186985631782538231125e0 0.809409193145635606753503007067e-13
0.707106781186572460661018966120e0 -0.354217635624583241645469241185e-14
0.158984771154705333343433531979e-12 -0.195857236340978762309015430327e-12
-0.144041169207149510412165884760e-12 0.118082582569998629251446873185e-13

-4.523767673286552e-01 1.613307305348289e-17
7.094664853832581e-01 -3.872733139258799e-17
6.039425237470760e-01 3.026479623611317e-17
6.018005702791755e-02 -1.131254116456873e-18

-7.746361959939144e-01 -3.144404417544233e-01
1.038866535299515e-01 5.922172967303066e-03
1.329983267611133e-01 -1.055671402079949e-03
4.973477837579217e-02 -2.380660999791294e-02

-7.345141629811707e-01 7.666371005530040e-17
4.233374174824343e-01 -1.547951179536143e-16
7.791236412590390e-01 -1.959394396200429e-16
1.611344321654826e-05 -7.972096975429181e-18

-0.266558923179083279197e1 -0.133378672895707939012e1
0.653873512276005927689e0 0.236214768956272860140e-2
0.308591615198669931455e1 -0.849559290247681078657e0
0.139116774986043134017e-2 -0.157800741990739412653e-2

-0.743694867567116846254133246259e0 -0.636537525700483829622312815533e-1
0.534674559736108814474770771037e-1 -0.574490422410377077135702705132e-2
0.837470188942277704161229264806e0 -0.300705423557313694198888535350e0
0.260732133076430445975668841504e-1 -0.249539806482578623560780287644e-1

-7.433114189575647e-01 6.154552240989384e-18
4.876680454466283e-01 7.364304846584603e-17
5.361794183012932e-01 2.625325364780444e-17
9.615457382019422e-03 8.386527399505434e-19

-7.871565477371518e-01 -3.197831846361751e-01
1.048967448031340e-01 3.674039454838231e-03
-2.497268362002155e-01 6.976497808830288e-02
4.301535099407116e-02 -1.522840506369903e-02

0.686356167714908572584e0 -0.282847250612412846593e-1
0.184494191037129615877e0 -0.442875124652400059801e-1
-0.328179901881142560712e0 0.427847264793766844920e0
0.255804708048154658996e1 0.701028477480723590561e0

-0.707106781186545262736e0 -0.645181607791811551067e-15
0.707106781186574961202e0 -0.792063897109285264264e-14
0.942532984943796656083e-13 -0.223152531961855932462e-13
0.656928838907352527119e-1 -0.534905880169005837343e-14

-0.707106781186539864810006986475e0 -0.937691996058309377166991495668e-14
0.707106781186545900478021687462e0 -0.201320993438694092961234849880e-15
0.152822100143435197716415805415e-13 0.951628652413538858161094509192e-14
0.656928838907278445413052356678e-1 0.175302151086985573924181192525e-13

-0.707106781186553011658091025013e0 -0.103605862843262280577733902897e-13
0.707106781186549369217941610239e0 0.718850315404684242447779054343e-15
0.400386275353759843606440179309e-14 0.242406877929832670694361242051e-13
0.656928838907306472761906083750e-1 0.129274406380863007206287005252e-13

-0.707106781186543875318048472654e0 -0.960034266798778743821198398184e-14
0.707106781186545739164087747634e0 0.674541587536937526154137989082e-14
0.259926552742336136252283010150e-13 -0.720812394500840250127725834037e-14
0.656928838907275953924532450665e-1 0.449333996487987992045619479485e-14

-0.707106781186548243590142791155e0 -0.913581157881262485986354871136e-14
0.707106781186548926107318322474e0 0.542994995782700830257808664659e-14
-0.136837846333685590173014572044e-13 0.233779768062738155490168685556e-13
0.656928838907262304815302620164e-1 0.435112118909907881175798257938e-14

-0.707106781186542001756557536362e0 -0.103436597545660805311257277597e-13
0.707106781186549253658889828435e0 -0.137383573301839662514136529736e-15
0.144420706339283064576472178230e-13 0.636478907686185231897558627823e-14
0.656928838907293837743028092230e-1 0.187841755822352826159333297247e-13

-0.707106781186546398150009967628e0 -0.520277374525664253383173209331e-14
0.707106781186534848579147313404e0 -0.246675473307660489698878113137e-14
-0.627399488195953781056044199569e-13 0.307749820812363781647360433573e-13
0.656928838907254686296671109013e-1 -0.633191841489811037035114456719e-14

-0.707106781186554582598469831634e0 -0.119817618732228530943765819779e-13
0.707106781186547948209976222928e0 0.656244537344837530157211170681e-16
0.309795827378999960485088100974e-14 0.282281730277445037122083031575e-13
0.656928838907318666263776850603e-1 0.138487748990154723181096844669e-13

-0.707106781186545763019437909311e0 -0.491606272489133673472627103530e-14
0.707106781186535654539700587519e0 -0.548347642542783749505054717969e-14
-0.686926930124008484727687271823e-13 0.225085073047266084785159186985e-13
0.656928838907253610596914837976e-1 -0.706032560097327419220881389328e-14

-0.707106781186549783567279836246e0 -0.871432040189461660036691617696e-14
0.707106781186548983166111153320e0 0.716920289431370530193599930079e-14
-0.173475385277226519734256457373e-13 0.261185752011793793137305604267e-13
0.656928838907266015648488147516e-1 0.488644638561906156630575726616e-14

-0.707106781186547093114579362315e0 -0.106924360657257573310639749683e-13
0.707106781186549079116682365650e0 0.723701730526374055421767847813e-14
0.227861544655061526632167428284e-13 -0.972643797548676862171418196438e-14
0.656928838907278322721990803740e-1 0.453879008562546466292725290831e-14

-0.707106781186545887453265688190e0 -0.286348953050220265604844633866e-14
0.707106781186570150725146611144e0 -0.612142177364922445687411823231e-14
0.793169687968588577633426299087e-13 -0.180397296871772509697789083803e-13
0.656928838907339604035896883603e-1 -0.628993156198554726685161905670e-14

-0.786714975998167529109e0 0.652474581397210022911e-1
0.931710814332460024776e-1 0.218839572448563899894e-1
-0.344920958790455104575e0 -0.438831532317878974950e0
0.303836594506827518314e-1 0.399046394504036515482e-1

-0.757293608383868187923e0 -0.249313100176543094312e0
0.599558003755446811360e-1 0.228052244519651217930e-2
0.814890921465011842299e0 -0.497065050058527364976e-1
0.374107706778196117722e-1 -0.632936856343196241394e-2

-4.576474704306258e-01 -8.601219520409007e-17
-7.366362224548472e-01 -1.108811908740919e-16
5.992693054179296e-01 4.955667249912876e-17
5.115776249898713e-03 1.333478816910011e-18

-2.848880892862610e+00 8.358012525396488e-01
-2.962118304731094e+00 -1.557568154980772e+00
-2.344723625126918e+00 6.619749633956311e-01
3.539714757671085e-04 4.494967836880437e-05

7.115192754706999e-02 -7.679922448132140e-03
-7.055733423240115e-01 2.123088036154281e-01
8.357575826899644e-01 -1.934587689341963e-01
3.769579174029458e-02 1.578643981622570e-02

-6.600250751917095e-01 -1.099327672048492e-01
-6.603162655791810e-01 -1.083210018752745e-01
-3.266164585188428e-01 -1.005577662097525e-01
9.514725548893212e-03 -1.275259982831376e-03

-0.707106781186567363546171387773e0 -0.182643833192527268368275774472e-14
-0.707106781186576309462820544333e0 -0.927250922031995312452320459473e-15
0.103021630128291266827140542243e-13 -0.105425666763585089278419933094e-13
-0.131803719424005963617922151587e-14 0.186943044065804592562733751847e-15

-0.707106781186956081048474471090e0 0.358569968564104344430494319674e-13
-0.707106781186929602664639294433e0 0.327176401527481520298683123111e-13
0.141996674994173535709967677585e-12 -0.176317106046759785342072816320e-12
-0.191915210668588345386609212829e-13 0.477945860244416502143570630220e-14

-0.707106781186577421085088110521e0 0.163930936839161785115239365368e-14
-0.707106781186574691157645084686e0 0.149769006804478859722275302029e-14
0.102487889943906466316530975703e-13 -0.118023209193344535037483699461e-13
-0.136844439384661757400663432616e-14 0.312471715734230281910191063127e-15

-7.320320887960809e-01 3.199630978523474e-18
-4.229040120202636e-01 8.706839451265112e-17
7.796690225632128e-01 1.074500164479534e-18
2.466431629966485e-03 -2.452207823444835e-18

-7.144238157268347e-01 9.013934479403823e-03
-6.245133145038069e-01 -1.247160260630101e-01
-2.873988720462294e-01 -1.280539991430937e-01
8.228258523328013e-03 2.126958202194362e-03

1.188355496572991e-01 1.611835569823797e-02
7.092728480762218e-01 -6.715753607830108e-03
8.299343036860335e-01 2.991453926754767e-01
9.275138004371839e-01 1.875691581816443e-02

-4.789360166734581e-01 -5.134764210728410e-17
6.009006338444942e-01 8.348994197605832e-17
6.300854838743654e-01 -2.014818999725016e-17
7.336595904367406e-02 -1.956578900413169e-17

8.920817126942615e-01 5.473577145898995e-02
1.669842203563919e+00 5.276493027202833e-01
1.801289117882706e+00 -6.459440799929702e-01
1.949398810532834e-01 4.021749135409615e-01

-0.544268031084157239124e0 -0.131459513413867412623e-16
0.744721202606920001541e0 -0.110588621593521452269e-16
0.947714705006103456963e0 0.219821990471436023995e-16
0.696266193721891547453e-1 0.184314369322535753781e-17

-5.470108909452259e-01 -1.438884271388628e-16
6.937524827576471e-01 6.353675701237193e-18
9.530235625197540e-01 -1.065696690209575e-16
7.056156054194064e-02 -2.142376224663439e-19

-4.782102845959732e-01 -1.391986790100429e-16
6.026748944210656e-01 -7.478958539511802e-17
8.492958359714727e-01 -5.941412644743715e-17
5.481333797122908e-02 7.365751083383737e-19

2.120419187814329e-01 4.109536908531222e-02
6.695946810585622e-01 2.036889038749205e-01
-3.327428794370823e-01 -3.530211772348569e-01
1.802325018083321e+00 -4.132121639635605e-01

0.190828067546194649262544212230e1 0.213813820627404558331042677028e0
-0.207752398974455492752422995129e1 0.120553081859336751772353152462e1
0.237551133936025773103775711645e1 0.544918646427099441894488298264e0
0.340733609257023276840250048499e-2 0.430047955625431539258248498574e-2

2.068127017549116e-01 -5.164743811154864e-02
7.143120064105702e-01 8.362047280186755e-03
-3.264286445970429e-01 4.225715949328018e-01
2.002955095776123e+00 1.772414444764182e-01

-6.572722582929776e-01 -1.195427962610618e-01
6.627369541739656e-01 9.174534347052170e-02
-3.220072306557288e-01 -1.013769237767113e-01
5.090725325602330e-02 -5.578117221444955e-03

-7.867149759981680e-01 -6.524745813972126e-02
9.317108143324604e-02 -2.188395724485637e-02
-3.449209587904551e-01 4.388315323178792e-01
3.038365945068276e-02 -3.990463945040366e-02

-0.717447915813726383016e0 0.120297439229866923605e-1
0.622459533820594199279e0 0.116384935721320069459e0
-0.277933262884611215540e0 -0.131869939282691797539e0
0.343821396855701207990e-1 0.192628974122024881405e-1

1.619143907222404e+00 -4.332833064583438e-01
-2.187943571381469e+00 8.552280229978340e-01
-1.977874430744482e+00 -9.057300969914071e-01
4.896343090516404e-03 3.700051212944709e-03

-0.743694867567116864554e0 0.636537525700487661744e-1
0.534674559736110513195e-1 0.574490422410385047417e-2
0.837470188942278681229e0 0.300705423557314874381e0
0.260732133076431159646e-1 0.249539806482579882462e-1

7.062273372858564e-01 -1.198650246587183e-03
-6.299641092000986e-01 1.292051892387791e-01
-2.918504218143312e-01 1.206544980970282e-01
8.326556744230250e-02 6.482574095089146e-03

-0.580210738555299600362876129911e0 -0.305075766402171655519970823906e-17
-0.813292858568430464062575603679e0 -0.274843739360098577526590380687e-17
0.935588295257288747783284416046e0 0.683402677063875026787718211656e-17
0.882191616778894693030966456832e-2 0.894955345127825346523088431573e-19

-4.228606774824650e-01 2.157557454460827e-17
-7.308281405181467e-01 1.163992328818365e-17
7.810180716718953e-01 1.779648547579112e-17
2.944295685336295e-03 -1.355223937646859e-18

-6.249069111947014e-01 -1.254903581888933e-01
-7.138462161886805e-01 8.367602887983504e-03
-2.882220757355393e-01 -1.274510159378205e-01
8.452131481445642e-03 1.864320701439041e-03

-5.306081391600134e-01 3.324657336338263e-17
-5.380174304780364e-01 3.164551246717743e-17
8.502426483037120e-01 -1.198686097977645e-16
1.195144426364862e-02 -2.487547484786584e-18

-5.240278943178027e-01 4.718677694566796e-17
-5.313135799772770e-01 3.609230715730944e-17
6.629040029785472e-01 -5.584609175863249e-17
1.378024866826533e-02 4.706521892219036e-18

-5.896909661371048e-01 -4.651208469281198e-17
-5.973625006407992e-01 -1.974475809611658e-17
9.488736524573528e-01 9.886648488792881e-17
1.417697263391798e-02 6.563035495969705e-18

0.707106781186526439943873869401e0 0.515629057745436706894194633864e-14
-0.707106781186991526972083356786e0 0.290968078537849355004179312980e-12
0.203837369078820847913715299506e-12 -0.280850847484388752087370460137e-13
-0.242202073651047059847645238418e-12 0.296072300128007282335662666094e-13

0.707106781186537112475165654243e0 0.213703125503921682810914224901e-13
-0.707106781186924864067061896143e0 0.249761354171154281487746971967e-12
0.176076031479850735797006164780e-12 -0.132326288999732825686033132179e-13
-0.222396766820075369827496854468e-12 0.117830919952969102858735969952e-13

0.707106781186520312327131591141e0 0.629357476759778853693312948612e-14
-0.707106781186988905935860337255e0 0.214317434939254286704479425053e-12
0.198849490686665198494831236371e-12 0.546771749716116135120269238420e-14
-0.245949570034224302389871365830e-12 0.236334799364174707684998540418e-14

-4.256396506170008e-01 1.495503329144566e-16
7.089261991683810e-01 -8.232672029464407e-17
8.054465163450977e-01 -5.821644925086649e-17
3.709417707384606e-02 -5.813474627045118e-18

-5.787304793437048e-01 -9.710584031505767e-17
8.791707400819565e-01 -1.813165201254884e-16
6.891953492953720e-01 4.994861465632849e-17
1.417716744722479e-01 -5.158052433693329e-17

-7.174479158137264e-01 -1.202974392298806e-02
6.224595338205942e-01 -1.163849357213205e-01
-2.779332628846110e-01 1.318699392826922e-01
3.438213968557007e-02 -1.926289741220277e-02

-0.218626490820542151907e1 -0.133026089901198550777e1
0.207023311901568129209e1 -0.280078358895261456628e0
0.248363942775092870724e1 -0.509223732945882759545e0
0.181582797801181536508e-2 -0.244274330901371277479e-2

1.084860445710150e+00 2.710820614091100e-01
1.615535209858570e+00 -6.180323470105609e-01
1.800639251727819e+00 5.174531857866922e-01
3.003605285226003e-01 -4.009432602449615e-01

-7.144238157268348e-01 -9.013934479403928e-03
-6.245133145038072e-01 1.247160260630102e-01
-2.873988720462296e-01 1.280539991430937e-01
8.228258523328017e-03 -2.126958202194360e-03

6.224060626826103e-01 1.147755285162804e-01
-7.175727426463043e-01 1.208172854112420e-02
-2.759701998568451e-01 -1.321820813005483e-01
5.227463413781536e-02 3.125215258577085e-02

0.249579003179818014992011057119e0 0.309124847931626763561192477334e-1
0.194476254148378444309691808441e0 0.252072366632950908893879941924e-1
0.900901957540039545303511731699e0 0.408538928999407923204275997965e0
0.103855143281388070382637024923e1 -0.253397406769181358955886611854e0

2.120419187814328e-01 -4.109536908531228e-02
6.695946810585622e-01 -2.036889038749206e-01
-3.327428794370824e-01 3.530211772348570e-01
1.802325018083321e+00 4.132121639635599e-01

9.019861108054670e-01 -8.203014847532378e-02
1.566159470701550e+00 -4.983401244721878e-01
-1.193712093761489e+00 -6.025501537529706e-01
3.154831032563302e-01 -6.441774988712871e-01

1.219656985907763e-01 -1.341568226112459e-02
6.750428035861705e-01 -1.456879362350935e-01
8.435995941558161e-01 -2.529963956156865e-01
8.968305892235886e-01 1.063972399107517e-01

8.787231384174347e-01 1.164672838791183e-16
-5.794707885166246e-01 -4.393638380511912e-17
6.832732118132300e-01 4.675739379103578e-17
2.495729986486187e-01 -1.325227510083216e-16

0.100761204286525371239e1 -0.265947987234088695940e0
0.153480320966040704143e1 0.597479591832305950976e0
-0.122339621014355543686e1 0.480192422132712612193e0
0.490554820097213299950e0 0.590745288721099272755e0

7.303585357646523e-01 -4.666921693512771e-02
6.826675600346904e-01 1.350543433302452e-03
1.002557311172375e+00 4.319037469782212e-03
1.288724393846832e+00 -1.279395211314765e-02

0.697798556657779605358e0 0.542101086242752217004e-19
0.515746928382473100489e0 -0.612574227454310005214e-17
0.469608739633136260778e0 -0.130239785969821220135e-16
0.123604469409658062403e1 -0.103595517580989948669e-15

1.488551582375966e+00 -5.764398234013662e-01
1.157856063119853e+00 2.685469807605183e-01
-1.125782486121213e+00 -4.524289474181220e-01
2.338413462481919e-01 -9.490137955435957e-01

0.705087938143696276675e0 -0.265199072465074957381e-2
0.631470661368003731873e0 -0.112451570102878732404e0
-0.270559020409049296260e0 0.120524504185104216794e0
0.263178523957158294632e1 -0.560178415628469398885e0

0.707106781186540866013922890387e0 -0.366788284424616790596531223714e-14
0.707106781186530149366113402024e0 -0.220769809135658673290910935085e-13
-0.473679841019448952968697664516e-14 -0.263551443882338687855599118127e-13
0.621010870020010554115211370533e1 -0.106241945521784643465413690085e-11

0.707106781186537365728392540649e0 -0.799003022936847281325837515130e-14
0.707106781186532883578721110340e0 -0.118853745001389452987038466959e-13
-0.147154678180069402038752133185e-13 -0.425870882478417634119440085104e-14
0.621010870019924194459348182522e1 0.401914147958403312835884109879e-13

0.7071067811865464583609639653850497808615e0 -0.7012686951959712513424865752692051927383e-14
0.7071067811865306966873376302352307002234e0 -0.1991787047572674547624973475864358845869e-13
-0.1900029317030925039167004551940890704860e-13 -0.6986037163127205427676861665731675021943e-14
0.6210108700198996653573722000220474413086e1 -0.1575205446245355837204206282963117235973e-12

0.7071067811865400439492306171856455494507e0 -0.2388254114454080440082765007868054055713e-14
0.7071067811865258661459017489318233219870e0 -0.1783992363273564029196150281636545564200e-13
-0.8526612656525326522618065221443498836398e-14 -0.2415453846715546237769224162911280519459e-13
0.6210108700199924059191887309872975034133e1 -0.1028165056995104903492338083701447255130e-11

0.7071067811865495503036815755865909214424e0 -0.2157879327885966266690982308026714495406e-14
0.7071067811865461412691640878572783402494e0 0.6268300542404055631801447443742829865975e-15
-0.1198917707791462609065260183649657980057e-14 -0.1671181253756134126129223006180678152768e-14
0.6210108700200027547063390303819111973041e1 -0.1223310786084309781694886640000559825298e-12

0.707106781186548269521111606532e0 -0.236356182239928391930185992495e-14
0.707106781186547412271755582493e0 0.162314389759164776138600976649e-15
-0.128259421097472007090063416878e-14 -0.192781306357397860799746362094e-14
0.621010870020003751118612285589e1 -0.142066604291262074841392643522e-12

0.707106781186545286415016060166e0 0.445754062886912069471348221505e-15
0.707106781186547699901444436089e0 -0.683268422210708579270386705708e-16
-0.185634928503005756104352368302e-14 -0.162600451621128742949906950521e-14
0.621010870019992143387924337668e1 -0.344488058060981990373357245453e-13

0.707106781186541794361281904586e0 -0.983073120530666581212354251205e-14
0.707106781186539267621186592698e0 -0.143955620489933515507740010612e-13
-0.134688425015980600314830850052e-14 -0.175359330633543408292090028390e-13
0.621010870020021765727596249006e1 -0.657050208271429909955414655818e-12

0.7071067811865469412339103139241142933491e0 0.4341079015883145151906120757907674133648e-15
0.7071067811865473301238023399901594240335e0 -0.3286037990448877801520584036266777996938e-15
-0.1912558788793590077948776843884589004144e-14 -0.1334924987681660495345425118482049603081e-14
0.6210108700199917359029460868407288964862e1 -0.1787637792346982533119117853443093777247e-13

0.7071067811865401303102677209917686796140e0 -0.6882148052115206872988283814057356790397e-14
0.7071067811865369651294695862628793352009e0 -0.1046978459458187417406597766240620775373e-13
-0.1266941023027617809441655401706694337937e-13 -0.3525159144770490728926242785831283199266e-14
0.6210108700199362719355319355219583245774e1 0.2802900868765391347492470106759691420408e-13

0.7071067811865389186457766003454597536108e0 -0.8292474955670950871037914491449243808838e-14
0.7071067811865347531969388112900212918930e0 -0.1233032104719164815328731259769333700044e-13
-0.3826173014723528407319434281175828643577e-14 -0.1651896813180945450726903046035892807902e-13
0.6210108700200096875590526630759102127516e1 -0.6610964932424222439001418553521701467410e-12

0.707106781186545694458381515746e0 -0.812240765939917336936778061890e-14
0.707106781186525112224238594735e0 -0.235061083206264525622965424685e-13
-0.222668900331055958461660258653e-13 -0.858484338926173722550463336812e-14
0.621010870019878330848871857643e1 -0.181084398581684284369298405245e-12

0.224587567249701960254e1 -0.830845617184541551409e0
-0.198438276527567276962e1 -0.770891861136962302462e0
0.200635591915855781837e1 0.662923447238895171814e0
-0.983749131101499371658e-3 -0.753892940454837754097e-2

0.703525506188089119799481165452e0 0.193358727008515735092338507589e-1
0.107840136866190153627219760265e0 0.145328540418393406672002512368e-1
0.830298152494653032150467717372e0 0.300977748444822910015338663907e0
0.129156533472339832841278304024e1 -0.118993130244851512339082222532e0

0.724259016378459409996279539630e0 -0.224141663329662197397134232825e-18
-0.902374732227716267212370948970e0 -0.212891431134897830749502790162e-17
0.670859678350547919006163361889e0 -0.353823370028970998808931573310e-18
0.656263085578562278697241718968e-1 -0.118561610111603903065831520355e-18

2.189589804348973e+00 -8.070311657819519e-01
-1.939949205922262e+00 -7.549987561294157e-01
-1.443813057573613e+00 -6.439189862102664e-01
-1.291358069523066e-03 -8.881299976410777e-03

2.445799330008858e+00 -6.126485588760340e-01
-2.200686841960564e+00 -1.160077771445100e+00
2.285578380526765e-01 2.221441848362986e-03
-1.956793187543397e-03 -1.275090205757513e-02

0.167952944363249484581e1 -0.425787494236673209598e0
-0.224131263105953022112e1 0.853775730792173088903e0
0.252465088811867850510e1 0.949148407239079723629e0
0.443224337837076578464e-2 0.286771391058599582899e-2

8.282060323507106e-01 -9.407065071847574e-03
-2.499810342407072e+00 -1.214002855908745e+00
2.883613727361908e+00 -8.101581643714050e-01
2.535660510100993e-03 -2.458345410058520e-03

7.010624858532102e-01 2.217342366089397e-16
-4.545524727000327e-01 -2.828340603278677e-17
5.988239187296491e-01 3.115776856906068e-17
1.008749408194002e-01 8.534256690416696e-18

0.785543932966068064617970187384e0 0.126957134391941004249901975966e-17
-0.890008879013536904328768453464e0 -0.192377802003244213655993459209e-17
0.668530294995581116433498893886e0 -0.427563604619772525975104078934e-18
0.650532824212725304297084978269e-1 -0.154854421460974868051846047706e-18

6.631535745529562e-01 -8.861101724238103e-02
-6.567593734920872e-01 1.202893183645433e-01
-3.203738460467459e-01 1.016495707120486e-01
7.995563351718046e-02 7.930169813156798e-03

0.707106781186554739856e0 0.422739913821107426983e-13
-0.707106781186537598294e0 0.440249778906748323593e-13
0.633617421359269167337e-13 0.272254276447850402149e-13
-0.999999999999999296515e0 0.138959481942035889546e-14

0.707106781186547618973002424126e0 0.185596678598264680444076677892e-15
-0.707106781186547327958841746768e0 0.127208716436554387133585043477e-14
-0.557869370520052049912146472692e-15 -0.836899162783534125394806394025e-15
-0.100000000000000177494214813014e1 -0.496149690094071704913842378744e-15

6.141443589102207e-01 -6.575528717713199e-17
-4.750355385974476e-01 1.435658686544613e-16
6.189263333871471e-01 -9.420581108595716e-17
1.135283661361573e-01 -2.861003605020822e-17

0.707106781186545873685557791586e0 0.369900040114962226366599490699e-15
-0.707106781186547001645895971352e0 0.224189457873615469599931073540e-15
0.898600153577100755996875223752e-15 0.117048197267035052846643705052e-14
0.352817255774299896893451777235e-15 0.999999999999999930575192571484e0

0.707106781186501900341e0 0.138012092531190899702e-13
-0.707106781186593376322e0 0.143397392484562180570e-13
0.449688838788254268888e-13 -0.534354846416115338353e-13
0.112324700322213866244e-14 0.999999999999998104544e0

7.026196753771815e-01 -3.325668201943133e-17
-4.272762400397050e-01 -7.762215293541083e-17
8.110611266004691e-01 2.122174766027242e-17
5.917201948896058e-02 1.674701438414729e-17

0.707106781186558310747837120916e0 -0.661351390167544596313091834427e-13
-0.707106781186537589989820505510e0 -0.182096350335992787719330844335e-14
0.216174172590273734591119041344e-12 -0.226304486201779964370260271904e-13
0.107274817272258354845828019719e0 -0.186800564175334180442952483934e-13

0.707106781186547356392569284945e0 0.923032933799904126544886903738e-15
-0.707106781186568071555118153687e0 -0.215597757370969455519677274810e-14
0.550245438884051418129584756312e-14 0.759387787486220063500584051189e-13
0.107274817272237025257941913472e0 0.338292667238995009370342894956e-13

0.707106781186546387104425212580e0 0.321128194398227007022893919847e-15
-0.707106781186571353311169625018e0 -0.349566608544506050917070561243e-14
0.208480226585933865173111627710e-14 0.884778590469165499706911798036e-13
0.107274817272238362060655411316e0 0.382424194230320795835189054177e-13

0.707106781186495702429880067289e0 0.929219710331861430627666129652e-14
-0.707106781186545841131286860948e0 0.316908215398181350342345728013e-14
-0.354774599976174668113458066884e-13 0.731305381286289733397741977007e-13
0.107274817272238781296874185783e0 0.177418340640920233304811720655e-15

0.707106781186548478480e0 -0.180178138034503554366e-14
-0.707106781186547928356e0 0.755959964765517966612e-15
0.400309258838577152750e-14 -0.358595913329699370123e-15
0.107274817272239619309e0 -0.589870356336105738926e-15

0.707106781186545571598321062135e0 0.643862632531105666444155831646e-15
-0.707106781186539122122052657217e0 -0.159839006832228532952891772695e-13
0.253787505317809492302947255224e-13 -0.116524058444970651666709803096e-13
0.107274817272234849639332793046e0 0.281986151795316382404896461194e-13

0.707106781186546454518271475534e0 0.486215917306537331497305682510e-14
-0.707106781186543252754104758605e0 -0.647375871365403836305419774129e-14
0.234343452961169990573464430441e-13 -0.230709903600855962436182742996e-13
0.107274817272237592171191641755e0 0.769503995139554198720039680401e-14

0.707106781186497228927682499896e0 0.301319777590259940319087334487e-14
-0.707106781186544575468818012801e0 0.735025537275165855278178533009e-14
-0.498540929696715121058070203662e-13 0.683572366600829871210592792975e-13
0.107274817272238041247333437909e0 -0.102834935727987541808325939495e-14

0.707106781186547292483575200633e0 -0.383652971269603084623402235527e-15
-0.707106781186540775307699459241e0 -0.150903495623097110126544471176e-13
0.287264245875902482937875849455e-13 -0.817524523823136671512349526480e-14
0.107274817272234268242340183789e0 0.258498706665515706686099077081e-13

0.707106781186556061492026815574e0 0.600819992168139716717060336031e-14
-0.707106781186568072316561412291e0 0.121092110819850217419226659443e-14
-0.203095175464710668485695609143e-13 0.806298195772306555187668768562e-13
0.107274817272235816356450254336e0 0.184614909520417810469846366600e-13

0.707106781186549232321206460345e0 0.340498846697419740114452827843e-14
-0.707106781186546713951836116862e0 -0.300843109618084002916464215285e-14
0.287698181529208890288319329974e-13 -0.217678041961268762541266764544e-13
0.107274817272238519421093993870e0 0.662721151912960281121390508139e-14

0.707106781186559831707879718049e0 0.682547073672664920351366138147e-14
-0.707106781186571839808088542649e0 0.634846963416895205585326565772e-15
-0.289800910422363355942299884020e-13 0.921571011895816391746353563019e-13
0.107274817272235682714599984040e0 0.209928697731323496363901632220e-13

0.765086566039335560125691301730e0 -0.239620754362585548766593616748e0
0.118397941253719846770698949084e0 -0.585142869215700736493442677637e-3
0.848640692164214186909878436329e0 0.752135991158612649130474004533e-1
0.103413258849426117585220189772e1 -0.174015858646699771821170695070e1

6.224060626826100e-01 -1.147755285162806e-01
-7.175727426463044e-01 -1.208172854112560e-02
-2.759701998568448e-01 1.321820813005485e-01
5.227463413781524e-02 -3.125215258577125e-02

0.804961348588322743936453919991e0 -0.307668059163719921738947122520e0
0.206477759439184220794196088612e0 -0.385716624950585830821867810620e-3
-0.342072990295131326888891216598e0 -0.109024033956293757594816208582e0
0.160741969818793439122641255934e1 -0.381743771735850391545368597142e1

1.908280675461947e+00 -2.138138206274049e-01
-2.077523989744556e+00 -1.205530818593368e+00
2.375511339360258e+00 -5.449186464270994e-01
3.407336092570227e-03 -4.300479556254314e-03

6.620050777733484e-01 -1.200669721853313e-01
1.101351829410200e-01 -1.261460101529628e-02
8.464566868386776e-01 -2.729889486533933e-01
1.263633494797818e+00 1.385788602017321e-01

0.707106781186547144127875493477e0 -0.161816504815051021120309108078e-14
0.707106781186547572212547985732e0 -0.382752120355022679474753580740e-15
0.697177920346559823449138064040e-13 0.100244125387182156230628257272e-12
0.100000000000002616417169177646e1 0.349498049091476807119869507299e-13

0.707106781186547844507180918155e0 -0.148878204074523387271041000405e-14
0.707106781186547984035034549441e0 -0.215840958011492084123623745241e-14
0.442767836914942308784038385818e-13 0.956940501795532854223105474834e-13
0.100000000000001677358299620133e1 0.295618502606233709887273104839e-13

1.317130078373679e+00 -2.441699763464407e-01
1.379462154779178e+00 -3.816123892067600e-01
-1.086715671507263e+00 -6.439120396819468e-01
3.035683940579709e-01 -7.807862648062759e-01

0.7071067811865526588271623412970308697462e0 0.2863165972147093153987562016343850237112e-15
0.7071067811865508147079849642524608911502e0 0.2096377024190304030583354798228655954160e-15
-0.1343830946934105106736032869941378300891e-13 -0.1011086350119944153724594081727632983222e-13
0.1064277218521532562745766895003346841101e-12 0.5506996178322332055359963002804797321019e-13

0.707106781186547537520417132563e0 0.148158367129298802480234939268e-16
0.707106781186547521677729279326e0 0.128513499374409195210045770952e-16
-0.142141769275347287197885381361e-13 -0.137704899827993819519277351659e-13
0.113699010999369744504567398114e-12 0.920534456510086152667581998142e-13

0.7071067811865492476041464082428000476871e0 -0.2091257092973466832558155675768790099898e-15
0.7071067811865451791979910960594170887257e0 -0.2412916373299833720968098425096092795616e-15
-0.1075843450542679083386014418988344346541e-13 -0.1230107493127953359446869730298474204506e-13
0.7886827303766860483139750415549936355156e-13 0.7663772010604732554557411232195262593597e-13

0.707106781186547519265609269492e0 -0.205230607410480728129581701578e-17
0.707106781186547517738756213823e0 -0.943718885805454281733062384220e-18
0.382839714266449078819016420092e-14 0.262195654042321023981892359198e-14
0.184633713615541504926839667545e-14 0.100000000000000073912143348228e1

0.707106781186547519643287575708e0 -0.192477584985934575329455391747e-17
0.707106781186547518590831027294e0 -0.972459236105797773111638634450e-18
0.324469703063702305512809603790e-14 0.238372469514290316997415693261e-14
0.156719812109928659426718374042e-14 0.100000000000000068913084837960e1

0.707106781186546894283937480814e0 0.138514350420993097549681375670e-14
0.707106781186549854751012461834e0 0.294438546521308369001586547084e-15
0.608683826914035426545251684716e-14 0.677525540048520562569299919898e-14
-0.999999999999997437476018663171e0 0.289419468053238935101450718559e-14

0.707106781186550052799436119633e0 -0.147083060969699474780024071208e-14
0.707106781186550225936849844359e0 -0.173938562865645553987807862846e-14
0.607681168654327437818460797622e-14 0.826022042833056399958086281295e-14
-0.999999999999999630960762338494e0 0.401040601019984168865877452429e-14

0.707106781186549198427114973476e0 0.230592378564440421872191398046e-15
0.707106781186546632499416692530e0 -0.196837800395514999656690954232e-15
-0.780591134371406868442408177221e-15 0.590346683114122990887845773591e-14
-0.654654543366163030554667885429e-15 -0.999999999999998098001461248944e0

0.707106781186549890282848223002e0 -0.163552007889870144916675664646e-15
0.707106781186549603705448092018e0 -0.137030967057788245753117251484e-16
-0.161565429085909265344963093623e-14 0.569629789344055967473564857941e-14
-0.700274873219064215961427587411e-15 -0.100000000000000115293090479659e1

