175                                              

7.274766497189568e-01 4.862278035846971e-02
7.641947069012098e-01 -2.744546079015825e-03
9.972541972574452e-01 -3.147223896893061e-03
1.244599892677178e+00 1.720489063341721e-02

7.050879381436961e-01 -2.651990724650687e-03
6.314706613680036e-01 -1.124515701028787e-01
-2.705590204090492e-01 1.205245041851046e-01
2.631785239571585e+00 -5.601784156284639e-01

1.393484627673628e+00 2.571837536425322e-01
1.454853882961979e+00 3.853247893402182e-01
1.672780822168670e+00 -6.932575405836263e-01
1.856302035842142e-01 4.919830571429002e-01

8.920817126942614e-01 -5.473577145898945e-02
1.669842203563920e+00 -5.276493027202848e-01
1.801289117882707e+00 6.459440799929697e-01
1.949398810532839e-01 -4.021749135409600e-01

1.317130078373679e+00 2.441699763464402e-01
1.379462154779177e+00 3.816123892067595e-01
-1.086715671507262e+00 6.439120396819465e-01
3.035683940579716e-01 7.807862648062773e-01

7.650865660393356e-01 2.396207543625856e-01
1.183979412537198e-01 5.851428692158396e-04
8.486406921642141e-01 -7.521359911586109e-02
1.034132588494259e+00 1.740158586466998e+00

7.217306228177461e-01 -3.002035705733953e-02
-5.445264234656197e-01 -1.649287894931722e-03
9.540534122978275e-01 3.316473858499326e-03
1.078172694861053e-01 -2.736846248043172e-04

8.787231384174345e-01 2.236740861966724e-18
-5.794707885166247e-01 -1.673179700509133e-17
6.832732118132298e-01 1.513010745379039e-17
2.495729986486188e-01 5.412965009946118e-17

2.189589804348972e+00 8.070311657819528e-01
-1.939949205922261e+00 7.549987561294149e-01
-1.443813057573613e+00 6.439189862102657e-01
-1.291358069523061e-03 8.881299976410776e-03

2.445799330008851e+00 6.126485588760450e-01
-2.200686841960569e+00 1.160077771445089e+00
2.285578380526765e-01 -2.221441848362930e-03
-1.956793187543290e-03 1.275090205757520e-02

1.908280675461944e+00 -2.138138206274064e-01
-2.077523989744555e+00 -1.205530818593364e+00
2.375511339360256e+00 -5.449186464271016e-01
3.407336092570258e-03 -4.300479556254315e-03

7.242590163784594e-01 -1.165033334236201e-16
-9.023747322277162e-01 1.697175803284846e-17
6.708596783505476e-01 -9.343915722676116e-17
6.562630855785623e-02 8.451485339454432e-18

8.282060323507100e-01 9.407065071847961e-03
-2.499810342407073e+00 1.214002855908800e+00
2.883613727361948e+00 8.101581643713676e-01
2.535660510100864e-03 2.458345410058567e-03

2.445799330008857e+00 -6.126485588760451e-01
-2.200686841960573e+00 -1.160077771445092e+00
2.285578380526765e-01 2.221441848362924e-03
-1.956793187543285e-03 -1.275090205757514e-02

7.203734296883221e-01 3.335769503661479e-02
-8.401070725000025e-01 9.394446795258504e-04
9.534528190471868e-01 -1.437835228920232e-03
4.073484283631246e-02 1.546855511753357e-04

1.908280675461945e+00 2.138138206274053e-01
-2.077523989744555e+00 1.205530818593366e+00
2.375511339360258e+00 5.449186464271001e-01
3.407336092570239e-03 4.300479556254316e-03

6.863561677149086e-01 -2.828472506124160e-02
1.844941910371297e-01 -4.428751246523924e-02
-3.281799018811428e-01 4.278472647937662e-01
2.558047080481531e+00 7.010284774807254e-01

-0.757293608383868204416524883955e0 0.249313100176544926948296221335e0
0.599558003755448030853044516208e-1 -0.228052244519651687583053369689e-2
0.814890921465012533315398528525e0 0.497065050058533048888485505130e-1
0.374107706778196094137608995556e-1 0.632936856343193663527084119630e-2

7.035255061880893e-01 -1.933587270085144e-02
1.078401368661898e-01 -1.453285404183927e-02
8.302981524946528e-01 -3.009777484448226e-01
1.291565334723396e+00 1.189931302448485e-01

1.679529443632496e+00 4.257874942366733e-01
-2.241312631059531e+00 -8.537757307921734e-01
2.524650888118678e+00 -9.491484072390798e-01
4.432243378370763e-03 -2.867713910585995e-03

7.035255061880892e-01 1.933587270085143e-02
1.078401368661896e-01 1.453285404183932e-02
8.302981524946526e-01 3.009777484448224e-01
1.291565334723395e+00 -1.189931302448475e-01

1.867701266555105e+00 -1.889698514310694e-01
-2.011517149335301e+00 -1.194296301855281e+00
-1.816700884833319e+00 5.106435867573624e-01
3.548223648846693e-03 -5.333572643408464e-03

6.620050777733484e-01 1.200669721853311e-01
1.101351829410200e-01 1.261460101529606e-02
8.464566868386780e-01 2.729889486533933e-01
1.263633494797816e+00 -1.385788602017326e-01

6.863561677149086e-01 2.828472506124164e-02
1.844941910371300e-01 4.428751246523961e-02
-3.281799018811428e-01 -4.278472647937668e-01
2.558047080481540e+00 -7.010284774807320e-01

7.303585357646520e-01 4.666921693512792e-02
6.826675600346904e-01 -1.350543433302508e-03
1.002557311172376e+00 -4.319037469782140e-03
1.288724393846832e+00 1.279395211314686e-02

7.016638807349458e-01 1.223111794844586e-16
4.276109677036328e-01 -4.523745574800505e-18
8.120649260489372e-01 1.169979603616117e-16
-1.069115751328845e-01 -6.584333776043085e-16

7.050879381436963e-01 2.651990724650613e-03
6.314706613680038e-01 1.124515701028786e-01
-2.705590204090493e-01 -1.205245041851045e-01
2.631785239571584e+00 5.601784156284645e-01

6.977985566577797e-01 -1.921980758654139e-17
5.157469283824733e-01 -2.227125325372381e-17
4.696087396331367e-01 -1.094560993723472e-17
1.236044694096582e+00 -9.340748051706589e-17

1.573902832450185e+00 6.042539764001756e-01
1.222183723872152e+00 -2.951982054387564e-01
1.714035848113280e+00 -4.846713372620480e-01
1.458079380845926e-01 5.973696338835949e-01

1.683457841728107e+00 -5.228375508798072e-01
6.385169118353922e-01 6.347001672671868e-03
1.804761448634677e+00 6.555292674863415e-01
8.298094415119438e-02 -5.426707612756778e-01

1.488551582375965e+00 5.764398234013662e-01
1.157856063119853e+00 -2.685469807605179e-01
-1.125782486121212e+00 4.524289474181216e-01
2.338413462481926e-01 9.490137955435980e-01

1.585966711518554e+00 5.013913460433622e-01
6.349364496956905e-01 -7.501242034879100e-03
-1.205420259652329e+00 6.102094317566145e-01
1.251183477501078e-01 8.595729235248336e-01

8.920817126942617e-01 5.473577145898967e-02
1.669842203563919e+00 5.276493027202847e-01
1.801289117882706e+00 -6.459440799929689e-01
1.949398810532847e-01 4.021749135409613e-01

1.393484627673627e+00 -2.571837536425320e-01
1.454853882961978e+00 -3.853247893402179e-01
1.672780822168670e+00 6.932575405836257e-01
1.856302035842146e-01 -4.919830571429012e-01

1.317130078373679e+00 -2.441699763464403e-01
1.379462154779177e+00 -3.816123892067594e-01
-1.086715671507263e+00 -6.439120396819469e-01
3.035683940579713e-01 -7.807862648062761e-01

7.010624858532102e-01 7.287728943919576e-17
-4.545524727000329e-01 -9.023123437079212e-17
5.988239187296492e-01 7.534663640200027e-17
1.008749408194002e-01 6.392651634552469e-17

7.217306228177461e-01 3.002035705733965e-02
-5.445264234656197e-01 1.649287894931715e-03
9.540534122978276e-01 -3.316473858499394e-03
1.078172694861053e-01 2.736846248042982e-04

0.804961348588322473585978536385e0 0.307668059163719852977455312078e0
0.206477759439183919042426898790e0 0.385716624950762711274133224236e-3
-0.342072990295131075277319750007e0 0.109024033956293501467002119179e0
0.160741969818793317079630460249e1 0.381743771735850078204556001611e1

1.683457841728107e+00 5.228375508798065e-01
6.385169118353919e-01 -6.347001672672001e-03
1.804761448634676e+00 -6.555292674863417e-01
8.298094415119345e-02 5.426707612756784e-01

2.245875672497019e+00 8.308456171845418e-01
-1.984382765275673e+00 7.708918611369618e-01
2.006355919158558e+00 -6.629234472388947e-01
-9.837491311014898e-04 7.538929404548393e-03

7.203734296883221e-01 -3.335769503661471e-02
-8.401070725000026e-01 -9.394446795260264e-04
9.534528190471867e-01 1.437835228920391e-03
4.073484283631246e-02 -1.546855511753618e-04

8.296772885048496e-01 -1.146557170277372e-02
-2.422198615992406e+00 -1.210489458366531e+00
-2.320432443872705e+00 7.601692119364507e-01
2.708796629566337e-03 -3.087394960803297e-03

7.855439329660696e-01 2.671494504218417e-15
-8.900088790135389e-01 -4.220115402798929e-15
6.685302949955809e-01 -8.376023381444279e-16
6.505328242127237e-02 -3.011822535461111e-16

1.573902832450183e+00 -6.042539764001763e-01
1.222183723872151e+00 2.951982054387550e-01
1.714035848113279e+00 4.846713372620464e-01
1.458079380845959e-01 -5.973696338835977e-01

6.523332014104856e-01 1.632576360161771e-01
1.875354634347250e-01 3.704568046598551e-02
-3.385502813273444e-01 -3.881685111660924e-01
2.459761391710596e+00 -5.796369250621347e-01

9.019861108054671e-01 -8.203014847532344e-02
1.566159470701550e+00 -4.983401244721893e-01
-1.193712093761490e+00 -6.025501537529702e-01
3.154831032563314e-01 -6.441774988712849e-01

-7.320320887960811e-01 7.675938633666584e-17
-4.229040120202634e-01 9.119706991713871e-17
7.796690225632130e-01 -2.668326471904756e-17
2.466431629966480e-03 -4.589722087125207e-18

-6.249069111947010e-01 1.254903581888934e-01
-7.138462161886803e-01 -8.367602887983610e-03
-2.882220757355392e-01 1.274510159378203e-01
8.452131481445642e-03 -1.864320701439039e-03

1.488551582375966e+00 -5.764398234013665e-01
1.157856063119853e+00 2.685469807605181e-01
-1.125782486121213e+00 -4.524289474181218e-01
2.338413462481922e-01 -9.490137955435956e-01

1.619143907222401e+00 4.332833064583446e-01
-2.187943571381467e+00 -8.552280229978350e-01
-1.977874430744482e+00 9.057300969914048e-01
4.896343090516404e-03 -3.700051212944729e-03

-7.871565477371509e-01 3.197831846361748e-01
1.048967448031339e-01 -3.674039454838237e-03
-2.497268362002154e-01 -6.976497808830237e-02
4.301535099407112e-02 1.522840506369898e-02

-4.782102845959729e-01 1.952380746159118e-16
6.026748944210654e-01 -1.451377539636701e-16
8.492958359714724e-01 -1.306897845970012e-17
5.481333797122905e-02 -9.206476459023866e-18

-0.547010890945226086457088834935e0 -0.101787589691015078859291062855e-16
0.693752482757647262448218797374e0 0.255337385961876641104566342891e-16
0.953023562519754006625549730175e0 0.170854008773116260769646775769e-16
0.705615605419406213694870763803e-1 0.136912000395497510190914760504e-17

-2.123652511471952e+00 1.319841171072162e+00
2.030569782375589e+00 2.567418439797626e-01
-1.928703549445767e+00 -4.752989926028632e-01
1.863198727781275e-03 2.941087554664389e-03

-4.523767673286549e-01 1.791874647646633e-16
7.094664853832580e-01 -1.982923061987080e-16
6.039425237470759e-01 -1.784668469032431e-16
6.018005702791759e-02 -1.460526966673452e-17

-5.442680310841573e-01 2.110714542958912e-16
7.447212026069201e-01 -3.684174034878870e-17
9.477147050061034e-01 2.200332300230366e-16
6.962661937218918e-02 4.963873150027300e-17

9.019861108054673e-01 8.203014847532364e-02
1.566159470701550e+00 4.983401244721892e-01
-1.193712093761491e+00 6.025501537529701e-01
3.154831032563316e-01 6.441774988712853e-01

-5.787304793437049e-01 -1.124592576374184e-16
8.791707400819565e-01 2.525881599855760e-16
6.891953492953721e-01 1.339300728747848e-16
1.417716744722478e-01 5.518722395240449e-17

-6.572722582929765e-01 1.195427962610620e-01
6.627369541739659e-01 -9.174534347052192e-02
-3.220072306557289e-01 1.013769237767115e-01
5.090725325602354e-02 5.578117221444942e-03

-7.144238157268349e-01 -9.013934479403973e-03
-6.245133145038068e-01 1.247160260630103e-01
-2.873988720462294e-01 1.280539991430937e-01
8.228258523328012e-03 -2.126958202194363e-03

-6.291321570063738e-01 -1.292291623473611e-01
7.074861466489168e-01 -5.090714808959500e-04
-2.919374111391028e-01 -1.216803150816996e-01
5.241270190780177e-02 -2.604258346761283e-03

1.007612042865254e+00 2.659479872340882e-01
1.534803209660407e+00 -5.974795918323064e-01
-1.223396210143556e+00 -4.801924221327124e-01
4.905548200972134e-01 -5.907452887210980e-01

-5.306081391600135e-01 -5.746549073905504e-17
-5.380174304780364e-01 -7.568110119733873e-17
8.502426483037117e-01 -5.294311716011102e-18
1.195144426364861e-02 -2.683467701372506e-18

-5.896909661371046e-01 1.489753470245759e-17
-5.973625006407991e-01 1.013647526472354e-17
9.488736524573527e-01 7.148128248558001e-17
1.417697263391799e-02 1.352220784799587e-18

-6.600250751917091e-01 1.099327672048494e-01
-6.603162655791809e-01 1.083210018752747e-01
-3.266164585188430e-01 1.005577662097526e-01
9.514725548893221e-03 1.275259982831377e-03

-4.228606774824655e-01 9.169404611020345e-17
-7.308281405181465e-01 -1.976362972826743e-17
7.810180716718953e-01 -5.734536091684902e-17
2.944295685336309e-03 -2.835081278685757e-18

-7.068178209853995e-01 2.156360135561514e-01
5.677105362947115e-02 -6.134996591555538e-03
8.355224833575742e-01 -1.912213402780464e-01
2.912993562798287e-02 1.283388258538713e-02

-7.149126257587850e-01 2.980367422591855e-01
9.956547171294279e-02 -1.737252321149327e-02
-3.148725201987232e-01 2.687327607561282e-01
3.203301817416389e-02 2.145195336179677e-02

-7.746361959939140e-01 3.144404417544232e-01
1.038866535299515e-01 -5.922172967303030e-03
1.329983267611133e-01 1.055671402079870e-03
4.973477837579209e-02 2.380660999791288e-02

-7.867149759981676e-01 -6.524745813972105e-02
9.317108143324589e-02 -2.188395724485636e-02
-3.449209587904546e-01 4.388315323178795e-01
3.038365945068266e-02 -3.990463945040370e-02

-4.789360166734580e-01 -1.583061323598719e-16
6.009006338444941e-01 7.392651603092828e-17
6.300854838743652e-01 1.451063150309183e-16
7.336595904367402e-02 -2.300796240641873e-18

-6.291321570063744e-01 1.292291623473610e-01
7.074861466489167e-01 5.090714808959917e-04
-2.919374111391029e-01 1.216803150816997e-01
5.241270190780167e-02 2.604258346761281e-03

-4.256396506170008e-01 9.209696912980705e-18
7.089261991683811e-01 4.582683764636053e-17
8.054465163450976e-01 6.767690481864138e-17
3.709417707384609e-02 -1.123373457524326e-17

-2.079205459363255e+00 8.195101153038133e-01
2.338251496698765e+00 8.776208065099624e-01
-1.556947535833813e+00 6.827891318082877e-01
8.542781986002978e-05 4.672266995785163e-03

-7.174479158137280e-01 1.202974392298654e-02
6.224595338205940e-01 1.163849357213197e-01
-2.779332628846111e-01 -1.318699392826915e-01
3.438213968556986e-02 1.926289741220242e-02

-0.226837433277572098740540946926e1 0.887159615569242536176707193325e0
0.179215713975376809083906025086e1 -0.524594829764380953714531974961e0
-0.210131617056488175666405374048e1 -0.968197676025908871449852673559e0
0.260713556681824140198562046479e-2 0.243340110538640063519334256372e-2

-5.240278943178027e-01 7.266179001989005e-17
-5.313135799772774e-01 1.075834702933362e-16
6.629040029785476e-01 -1.193059665110134e-16
1.378024866826534e-02 -1.980815438051741e-19

-2.881838728716096e+00 -8.507046997116872e-01
-3.008678395141078e+00 1.572259759037117e+00
2.890601704856854e+00 6.848628237551453e-01
3.249681619262141e-04 -4.804346464432216e-05

7.526956517470006e-02 2.771121040764637e-03
-7.573223500091227e-01 -2.475715132606315e-01
8.165880841079283e-01 -5.108680368623156e-02
4.879042713407508e-02 -6.349804711497865e-03

-2.928933903460079e+00 1.616066831204040e+00
-2.850630284105457e+00 -7.736696696289531e-01
-2.379394628969643e+00 -6.213870211506587e-01
3.504807349806771e-04 2.158495824125741e-05

1.253599693706268e-01 2.215353614313384e-02
-7.132251599654637e-01 -2.928313402691309e-01
-3.152251008044147e-01 -2.707182568359607e-01
4.365855257194333e-02 -2.803001242521051e-02

-3.547774501529010e+00 1.466324095537074e+00
-3.581711131270332e+00 -1.387097959300364e+00
2.315122500769184e-01 -9.780665247700342e-05
3.555522506336999e-04 3.741634360316312e-05

-7.867149759981673e-01 6.524745813972099e-02
9.317108143324603e-02 2.188395724485638e-02
-3.449209587904557e-01 -4.388315323178789e-01
3.038365945068285e-02 3.990463945040366e-02

-7.174479158137276e-01 -1.202974392298699e-02
6.224595338205940e-01 -1.163849357213200e-01
-2.779332628846109e-01 1.318699392826918e-01
3.438213968556988e-02 -1.926289741220252e-02

-7.345141629811706e-01 -1.545449579372508e-17
4.233374174824341e-01 8.181598017720656e-17
7.791236412590390e-01 9.376785960888221e-17
1.611344321653463e-05 8.573495818868616e-18

-7.436948675671169e-01 -6.365375257004888e-02
5.346745597361091e-02 -5.744904224103785e-03
8.374701889422779e-01 -3.007054235573160e-01
2.607321330764305e-02 -2.495398064825806e-02

-7.433114189575646e-01 1.929989012040959e-17
4.876680454466286e-01 3.096370686545847e-17
5.361794183012936e-01 2.216084956200923e-17
9.615457382019453e-03 4.686021039970860e-18

-2.186264908205430e+00 -1.330260899011983e+00
2.070233119015683e+00 -2.800783588952684e-01
2.483639427750932e+00 -5.092237329458894e-01
1.815827978011821e-03 -2.442743309013689e-03

-9.038175505303836e-01 -9.367413416875559e-17
7.007188170220114e-01 9.608964317003796e-17
6.790739796638091e-01 -3.367708640326893e-17
4.178928646808536e-02 -9.644254689740981e-18

-2.376428742776688e+00 -1.271409590618954e+00
2.643720321922221e+00 -6.677300986412535e-01
2.292664373270452e-01 1.966449339221308e-03
2.387102589360231e-06 -6.072787204915529e-03

1.314665647753764e-01 1.469942013980253e-03
7.628101919461857e-01 2.371130754871819e-01
8.435016356575534e-01 -7.163326365913819e-02
9.423162393219767e-01 9.824552211772799e-01

-2.376428742776689e+00 1.271409590618953e+00
2.643720321922221e+00 6.677300986412550e-01
2.292664373270451e-01 -1.966449339221254e-03
2.387102589374649e-06 6.072787204915517e-03

-2.121198136291206e+00 8.344000184380562e-01
2.391524105687048e+00 9.002387787180683e-01
2.115947293805259e+00 -7.014136791539808e-01
1.097251639640168e-04 4.045796599906811e-03

-7.382512306042074e-01 1.468909767689700e-16
-4.598663821131752e-01 2.343343156838077e-16
5.948207062885039e-01 -2.346276013970568e-16
4.550855516620203e-03 -5.250271528399089e-18

-7.572936083838679e-01 -2.493131001765448e-01
5.995580037554471e-02 2.280522445196489e-03
8.148909214650121e-01 -4.970650500585314e-02
3.741077067781962e-02 -6.329368563431903e-03

-7.871565477371520e-01 -3.197831846361749e-01
1.048967448031340e-01 3.674039454838121e-03
-2.497268362002155e-01 6.976497808830315e-02
4.301535099407112e-02 -1.522840506369901e-02

-2.848880892862613e+00 -8.358012525396485e-01
-2.962118304731096e+00 1.557568154980775e+00
-2.344723625126920e+00 -6.619749633956306e-01
3.539714757671079e-04 -4.494967836880379e-05

-7.149126257587851e-01 -2.980367422591856e-01
9.956547171294283e-02 1.737252321149331e-02
-3.148725201987234e-01 -2.687327607561286e-01
3.203301817416390e-02 -2.145195336179681e-02

-7.746361959939148e-01 -3.144404417544235e-01
1.038866535299516e-01 5.922172967303070e-03
1.329983267611134e-01 -1.055671402080007e-03
4.973477837579215e-02 -2.380660999791294e-02

-2.671091847501851e+00 1.046322152132886e+00
-2.641151891337572e+00 1.023236567455566e+00
3.340753257616278e+00 1.253324502751416e+00
1.694892146309028e-04 3.221818458436598e-04

-6.600250751917091e-01 -1.099327672048494e-01
-6.603162655791808e-01 -1.083210018752748e-01
-3.266164585188431e-01 -1.005577662097527e-01
9.514725548893235e-03 -1.275259982831376e-03

-2.623150395330604e+00 1.052340226822408e+00
-2.593421908087862e+00 1.029355815716326e+00
-2.802245018876767e+00 -1.210275582108893e+00
1.644974929165835e-04 3.616571791715827e-04

2.495790031798179e-01 -3.091248479316270e-02
1.944762541483784e-01 -2.520723666329516e-02
9.009019575400395e-01 -4.085389289994080e-01
1.038551432813881e+00 2.533974067691815e-01

-5.802107385552996e-01 -4.359889002137362e-17
-8.132928585684306e-01 -1.194627735297637e-16
9.355882952572890e-01 7.188847299680724e-17
8.821916167788945e-03 -4.582787055030194e-19

-2.848880892862609e+00 8.358012525396443e-01
-2.962118304731090e+00 -1.557568154980776e+00
-2.344723625126917e+00 6.619749633956271e-01
3.539714757671090e-04 4.494967836880224e-05

-6.249069111947010e-01 -1.254903581888935e-01
-7.138462161886805e-01 8.367602887983459e-03
-2.882220757355392e-01 -1.274510159378204e-01
8.452131481445644e-03 1.864320701439041e-03

-2.593527809760598e+00 1.331030848743246e+00
6.535497764125394e-01 -2.739918893488513e-03
-2.527945929362868e+00 -8.026958805256341e-01
1.449116471002757e-03 1.906445854522331e-03

-2.665589231790832e+00 -1.333786728957079e+00
6.538735122760058e-01 2.362147689562729e-03
3.085916151986698e+00 -8.495592902476808e-01
1.391167749860433e-03 -1.578007419907396e-03

-8.384904521859803e-01 4.822748575998986e-17
7.438237606103354e-01 4.642408633609894e-17
9.483206872186649e-01 -4.855072796149374e-17
2.684280601762370e-02 4.984146950791785e-18

2.068127017549116e-01 -5.164743811154866e-02
7.143120064105701e-01 8.362047280186632e-03
-3.264286445970427e-01 4.225715949328018e-01
2.002955095776121e+00 1.772414444764181e-01

-6.572722582929761e-01 -1.195427962610615e-01
6.627369541739659e-01 9.174534347052211e-02
-3.220072306557292e-01 -1.013769237767117e-01
5.090725325602362e-02 -5.578117221444819e-03

1.188355496572991e-01 -1.611835569823792e-02
7.092728480762218e-01 6.715753607830194e-03
8.299343036860336e-01 -2.991453926754767e-01
9.275138004371838e-01 -1.875691581816473e-02

-2.322429614100833e+00 -8.846113271364643e-01
1.847091995486857e+00 5.186727050341419e-01
2.647591077450006e+00 -1.012280119350353e+00
2.416824374099638e-03 -1.954364068622448e-03

-8.397766484545156e-01 4.313059565915728e-17
6.913383917053678e-01 -1.227877886784456e-17
9.503669271551068e-01 -2.883876199811834e-17
2.707356824964235e-02 1.199377420208973e-17

-2.593527809760594e+00 -1.331030848743248e+00
6.535497764125396e-01 2.739918893488555e-03
-2.527945929362867e+00 8.026958805256289e-01
1.449116471002756e-03 -1.906445854522352e-03

-8.844072209308179e-01 -6.236694664369348e-17
8.017378435858621e-01 2.351692437084995e-17
6.754236708119959e-01 1.614774804033591e-17
3.998604312294595e-02 -9.560878088035271e-18

7.115192754706998e-02 -7.679922448132100e-03
-7.055733423240117e-01 2.123088036154289e-01
8.357575826899641e-01 -1.934587689341969e-01
3.769579174029457e-02 1.578643981622576e-02

7.526956517470007e-02 -2.771121040764560e-03
-7.573223500091230e-01 2.475715132606314e-01
8.165880841079284e-01 5.108680368623170e-02
4.879042713407507e-02 6.349804711497835e-03

-8.930158353068108e-01 1.025070486461292e-16
-6.149808435119103e-01 5.946281634809007e-17
7.045420575211732e-01 -2.614396730757446e-16
1.166021428904866e-02 -2.470674269095910e-18

-8.178639640222858e-01 -4.119513589736576e-17
-5.878575580720430e-01 4.203007974992531e-17
9.361645701049949e-01 6.655253941984688e-17
8.241696008556192e-03 5.751280508109914e-19

-2.976285487205237e+00 -1.629935914222721e+00
-2.883563540388029e+00 7.892876394965608e-01
2.925021531539329e+00 -6.453716268205119e-01
3.231349891234953e-04 -1.201070886078793e-05

1.679529443632492e+00 -4.257874942366751e-01
-2.241312631059527e+00 8.537757307921743e-01
2.524650888118678e+00 9.491484072390759e-01
4.432243378370763e-03 2.867713910586025e-03

-2.268374332775720e+00 -8.871596155692414e-01
1.792157139753767e+00 5.245948297643797e-01
-2.101316170564880e+00 9.681976760259090e-01
2.607135566818254e-03 -2.433401105386406e-03

-2.928933903460073e+00 -1.616066831204041e+00
-2.850630284105454e+00 7.736696696289490e-01
-2.379394628969639e+00 6.213870211506547e-01
3.504807349806789e-04 -2.158495824125885e-05

-7.144238157268351e-01 9.013934479403986e-03
-6.245133145038065e-01 -1.247160260630104e-01
-2.873988720462294e-01 -1.280539991430938e-01
8.228258523328015e-03 2.126958202194365e-03

-3.547774501529012e+00 -1.466324095537078e+00
-3.581711131270333e+00 1.387097959300360e+00
2.315122500769186e-01 9.780665247696427e-05
3.555522506337001e-04 -3.741634360316465e-05

-8.172545082180362e-01 1.004494975469904e-18
-8.131380845576834e-01 5.947735359228426e-18
9.333756618105508e-01 -1.062640946387725e-17
5.381626830012043e-03 1.131208744996751e-18

3.324390414511573e-01 -6.218927845493030e-02
2.460654350484282e-01 -4.630391465131251e-02
-3.921951511447351e-01 4.805413002642597e-01
1.934974761962822e+00 7.204768967436419e-01

-2.623150395330604e+00 -1.052340226822408e+00
-2.593421908087862e+00 -1.029355815716326e+00
-2.802245018876767e+00 1.210275582108893e+00
1.644974929165833e-04 -3.616571791715827e-04

-2.671091847501853e+00 -1.046322152132885e+00
-2.641151891337572e+00 -1.023236567455565e+00
3.340753257616278e+00 -1.253324502751417e+00
1.694892146309037e-04 -3.221818458436589e-04

-7.068178209853998e-01 -2.156360135561515e-01
5.677105362947111e-02 6.134996591555526e-03
8.355224833575742e-01 1.912213402780465e-01
2.912993562798286e-02 -1.283388258538712e-02

1.219656985907765e-01 -1.341568226112472e-02
6.750428035861704e-01 -1.456879362350936e-01
8.435995941558160e-01 -2.529963956156866e-01
8.968305892235892e-01 1.063972399107519e-01

1.314665647753764e-01 -1.469942013980213e-03
7.628101919461858e-01 -2.371130754871820e-01
8.435016356575537e-01 7.163326365913809e-02
9.423162393219767e-01 -9.824552211772798e-01

-2.121198136291206e+00 -8.344000184380568e-01
2.391524105687048e+00 -9.002387787180671e-01
2.115947293805258e+00 7.014136791539811e-01
1.097251639640151e-04 -4.045796599906821e-03

2.120419187814331e-01 -4.109536908531218e-02
6.695946810585622e-01 -2.036889038749206e-01
-3.327428794370826e-01 3.530211772348572e-01
1.802325018083323e+00 4.132121639635651e-01

2.343313416914344e-01 -5.632759499553638e-04
7.983349130622784e-01 -3.000539169388171e-01
-3.270406682979772e-01 -1.033986449044166e-01
1.864532285094325e+00 -2.154284603239930e+00

-2.079205459363253e+00 -8.195101153038122e-01
2.338251496698763e+00 -8.776208065099625e-01
-1.556947535833812e+00 -6.827891318082864e-01
8.542781986003721e-05 -4.672266995785160e-03

0.234331341691434509179e0 0.563275949955500953458e-3
0.798334913062278322927e0 0.300053916938817324527e0
-0.327040668297977308600e0 0.103398644904416530196e0
0.186453228509432275323e1 0.215428460323993056932e1

-2.123652511471950e+00 -1.319841171072163e+00
2.030569782375587e+00 -2.567418439797600e-01
-1.928703549445767e+00 4.752989926028607e-01
1.863198727781265e-03 -2.941087554664404e-03

1.084860445710150e+00 2.710820614091102e-01
1.615535209858571e+00 -6.180323470105606e-01
1.800639251727819e+00 5.174531857866921e-01
3.003605285225999e-01 -4.009432602449609e-01

6.718238794828334e-02 -7.368198074426679e-03
-7.420047720857470e-01 -6.177673019101124e-02
8.366410659858435e-01 -2.996517037728861e-01
3.433271965706938e-02 -3.051258494266775e-02

1.219656985907764e-01 1.341568226112454e-02
6.750428035861704e-01 1.456879362350935e-01
8.435995941558160e-01 2.529963956156864e-01
8.968305892235886e-01 -1.063972399107526e-01

2.120419187814326e-01 4.109536908531230e-02
6.695946810585619e-01 2.036889038749205e-01
-3.327428794370823e-01 -3.530211772348569e-01
1.802325018083320e+00 -4.132121639635601e-01

1.188355496572992e-01 1.611835569823786e-02
7.092728480762215e-01 -6.715753607830134e-03
8.299343036860333e-01 2.991453926754765e-01
9.275138004371838e-01 1.875691581816368e-02

2.068127017549115e-01 5.164743811154870e-02
7.143120064105700e-01 -8.362047280186738e-03
-3.264286445970428e-01 -4.225715949328017e-01
2.002955095776122e+00 -1.772414444764180e-01

8.296772885048497e-01 1.146557170277350e-02
-2.422198615992406e+00 1.210489458366529e+00
-2.320432443872704e+00 -7.601692119364530e-01
2.708796629566357e-03 3.087394960803295e-03

7.115192754707010e-02 7.679922448132139e-03
-7.055733423240119e-01 -2.123088036154289e-01
8.357575826899645e-01 1.934587689341969e-01
3.769579174029459e-02 -1.578643981622579e-02

3.324390414511574e-01 6.218927845493027e-02
2.460654350484283e-01 4.630391465131253e-02
-3.921951511447353e-01 -4.805413002642600e-01
1.934974761962821e+00 -7.204768967436431e-01

2.495790031798182e-01 3.091248479316245e-02
1.944762541483785e-01 2.520723666329493e-02
9.009019575400394e-01 4.085389289994079e-01
1.038551432813880e+00 -2.533974067691823e-01

1.176189335975620e-01 2.786069676032753e-02
-7.835697706057333e-01 6.376354889261925e-02
-3.432659990442329e-01 -4.355584427598326e-01
4.227632423280297e-02 5.124465130996264e-02

4.233625203387333e-01 8.094337289691120e-17
-7.338518204424949e-01 -2.309346130868422e-17
7.803615523263777e-01 -6.077152786604543e-18
-1.584123675673628e-03 1.594095964071492e-17

2.245875672497019e+00 -8.308456171845418e-01
-1.984382765275672e+00 -7.708918611369620e-01
2.006355919158558e+00 6.629234472388947e-01
-9.837491311014933e-04 -7.538929404548378e-03

7.274766497189566e-01 -4.862278035846972e-02
7.641947069012094e-01 2.744546079015777e-03
9.972541972574449e-01 3.147223896893100e-03
1.244599892677177e+00 -1.720489063341666e-02

4.258210109870176e-01 2.193329759835003e-17
7.093723342632194e-01 1.861879695589890e-17
8.061008785959139e-01 -3.335372215029120e-17
-1.790276204201848e-01 4.377487754097994e-17

6.296398903495980e-01 1.091360884908592e-01
7.080446089679898e-01 -1.168611334910429e-03
-2.664994076059682e-01 -1.233429448954401e-01
2.408635544319754e+00 7.955249244838344e-01

6.607034554906358e-01 -8.938324784805575e-02
6.587087724873971e-01 -9.776404694898570e-02
-2.993502140223510e-01 1.030972786276823e-01
2.604173389295843e+00 -5.173702740278836e-01

5.220552180650312e-01 3.792234510161461e-17
7.107081856402977e-01 5.480584516398776e-18
4.567437491701845e-01 4.067652856476303e-17
8.436870186449258e-01 1.652705835796750e-16

1.007612042865253e+00 -2.659479872340893e-01
1.534803209660407e+00 5.974795918323054e-01
-1.223396210143555e+00 4.801924221327128e-01
4.905548200972132e-01 5.907452887211005e-01

6.127974061391834e-01 -4.147167631568121e-17
-4.714514397757172e-01 -8.484023769943393e-17
8.482076272282809e-01 -4.485415730940834e-17
7.965360620969136e-02 9.967227226952449e-21

4.932818878529586e-01 -5.943421984212003e-18
-7.428180594793651e-01 2.221913093469141e-17
5.243070371263991e-01 2.439696470631925e-17
1.337162789046626e-02 2.724455813787924e-18

6.620050777733483e-01 -1.200669721853311e-01
1.101351829410200e-01 -1.261460101529602e-02
8.464566868386776e-01 -2.729889486533931e-01
1.263633494797815e+00 1.385788602017327e-01

7.650865660393354e-01 -2.396207543625855e-01
1.183979412537199e-01 -5.851428692156421e-04
8.486406921642143e-01 7.521359911586141e-02
1.034132588494261e+00 -1.740158586467000e+00

6.718238794828338e-02 7.368198074426594e-03
-7.420047720857470e-01 6.177673019101133e-02
8.366410659858436e-01 2.996517037728860e-01
3.433271965706936e-02 3.051258494266773e-02

6.523332014104855e-01 -1.632576360161772e-01
1.875354634347249e-01 -3.704568046598545e-02
-3.385502813273445e-01 3.881685111660925e-01
2.459761391710594e+00 5.796369250621332e-01

0.804961348588322523332e0 -0.307668059163719926887e0
0.206477759439184007680e0 -0.385716624950761691280e-3
-0.342072990295131172385e0 -0.109024033956293533006e0
0.160741969818793280689e1 -0.381743771735850087037e1

7.303585357646519e-01 -4.666921693512786e-02
6.826675600346903e-01 1.350543433302494e-03
1.002557311172375e+00 4.319037469782277e-03
1.288724393846831e+00 -1.279395211314775e-02

5.510815710467567e-01 -6.648457388902696e-17
5.215179161590364e-01 -8.425346863171559e-17
8.553213995901635e-01 -6.624451399765664e-17
3.696125046558070e-01 -5.143647364736323e-16

6.607034554906358e-01 8.938324784805581e-02
6.587087724873969e-01 9.776404694898569e-02
-2.993502140223508e-01 -1.030972786276824e-01
2.604173389295846e+00 5.173702740278857e-01

6.296398903495982e-01 -1.091360884908592e-01
7.080446089679898e-01 1.168611334910546e-03
-2.664994076059678e-01 1.233429448954402e-01
2.408635544319758e+00 -7.955249244838377e-01

5.869806351939285e-01 9.716452861534226e-18
5.550279748507428e-01 -7.696112206779181e-19
4.940325239538688e-01 -1.520784424724927e-18
1.707210553984339e+00 -4.408341764565793e-17

1.084860445710150e+00 -2.710820614091097e-01
1.615535209858570e+00 6.180323470105610e-01
1.800639251727820e+00 -5.174531857866919e-01
3.003605285226009e-01 4.009432602449616e-01

1.585966711518554e+00 -5.013913460433624e-01
6.349364496956904e-01 7.501242034879144e-03
-1.205420259652329e+00 -6.102094317566146e-01
1.251183477501074e-01 -8.595729235248319e-01

6.141443589102209e-01 -8.982084211763677e-17
-4.750355385974477e-01 8.104604204403727e-17
6.189263333871473e-01 -4.684584181698606e-17
1.135283661361574e-01 2.923762638711125e-17

7.026196753771814e-01 -7.979254164325028e-17
-4.272762400397056e-01 5.244326712961268e-17
8.110611266004695e-01 -5.224262063664967e-17
5.917201948896069e-02 1.621817057985362e-18

8.282060323507099e-01 -9.407065071847140e-03
-2.499810342407087e+00 -1.214002855908775e+00
2.883613727361940e+00 -8.101581643713948e-01
2.535660510100902e-03 -2.458345410058506e-03

