120                                              

0.707106781186533277333124434100e0 -0.125839473360110153626213510697e-13
0.707106781186544815093237880193e0 -0.791643126304601412317023159042e-14
0.453521258953498643465881730786e-15 0.135367188047670072018444617529e-14
-0.432393509002184471520353245431e-14 -0.126085045061290142370781541676e-13

0.707106781186549185671152332274e0 0.496201053958418771255294440690e-14
0.707106781186549277525327127099e0 0.500078771871614560979606707807e-14
-0.390881893898236487687047750617e-18 0.127061710785475933295894926845e-18
0.487966445113514125076466531261e-17 -0.366483189720757955275950321462e-17

0.707106781186535703258087487708e0 -0.260551252632295479174241614516e-14
0.707106781186535623853616723195e0 -0.254513529871790010121517769244e-14
0.400857975059306710367670369591e-18 0.664421928737496522009635972624e-19
-0.311990729979467058580427085269e-17 -0.131703239614898339702846442368e-17

0.707106781186546301510e0 -0.119363882927076003782e-15
0.707106781186545673595e0 -0.350034671386945106519e-15
-0.241868665439556766469e-14 0.287103725537896533429e-15
0.100000000000016500050e1 -0.792883011850598062864e-13

0.707106781186547426715365173312e0 -0.262985008851468290100777136316e-15
0.707106781186549237332851450439e0 0.162521676583951267820173822526e-15
-0.221374029549956687874601463596e-14 0.276191662949408996907820382127e-15
0.999999999999999706363531189399e0 0.310403140441112777475455555504e-15

0.733381436916294516176256978200e0 0.824132343677278871992376549955e-17
0.887620244549358775176601679131e0 0.257493196413390631372003304224e-16
0.590431489682744664822276169045e0 0.130832331346224437017923420524e-16
0.680555621394396508406342187864e1 -0.324032675116451028771490115715e-15

8.787231384174345e-01 2.236740861966724e-18
-5.794707885166247e-01 -1.673179700509133e-17
6.832732118132298e-01 1.513010745379039e-17
2.495729986486188e-01 5.412965009946118e-17

7.071067811869999e-01 -3.803965170838035e-13
-7.071067811863845e-01 -1.375928993293423e-13
2.737975025969812e-13 3.244109792434052e-13
1.072748172725489e-01 -2.212368675121241e-13

0.707106781186552658567e0 -0.196990047971606907495e-14
-0.707106781186546764194e0 -0.789529574531100397650e-15
-0.387304191623962655213e-15 -0.704656461937767382316e-14
0.107274817272241029280e0 -0.160217298412687614295e-14

0.707106781186547729513e0 -0.158429042454444335419e-16
-0.707106781186543450275e0 0.198810152368666948064e-14
-0.166311898409415424294e-14 0.341447636756753998360e-14
0.107274817272239356654e0 0.382123667560727020565e-15

0.707106781186546526645e0 0.288709486005733761971e-15
-0.707106781186542760831e0 0.185805147309703322378e-15
0.519463509489049711150e-15 -0.345930461887967690046e-14
0.107274817272238995811e0 -0.168783173201680902764e-15

0.707106781186549796328e0 -0.139511069797287889926e-14
-0.707106781186545331962e0 0.490845428538499994886e-15
0.165460423418682618132e-15 -0.352333315380444722770e-14
0.107274817272239439772e0 -0.463892840156868158097e-15

0.707106781186546159342220484821e0 0.194934687154115000631774445397e-15
-0.707106781186544636070651677296e0 0.574643540914521279430729987800e-15
-0.207989222147133757626994322204e-14 0.253731856927673117414469256504e-14
0.107274817272238939764867213434e0 0.445467991893662265315199019371e-15

0.707106781186543525411e0 0.433829946792918530463e-15
-0.707106781186541984868e0 -0.134979104716298481392e-14
-0.119662278084079707589e-14 -0.510366611915992727947e-14
0.107274817272239493928e0 -0.747886046712289975780e-15

7.071067811858460e-01 -7.888427528267197e-13
-7.071067811867986e-01 -2.818776241202480e-13
5.668589817765927e-13 -5.032916814280460e-13
1.072748172718286e-01 -5.406741649481515e-13

0.707106781186551873930e0 -0.185482597163388884809e-14
-0.707106781186546819867e0 -0.101042221464786585727e-14
-0.661338680963038736104e-15 -0.783612599551983387175e-14
0.107274817272240766314e0 -0.163976430632602199200e-14

0.707106781186547002013e0 0.386382549219521642669e-16
-0.707106781186543687282e0 -0.332687436627177035575e-15
-0.559925330430758031857e-15 -0.515430092226568247978e-14
0.107274817272239350867e0 -0.463570967636911523968e-15

0.707106781186544559089e0 -0.669657471835671813665e-15
-0.707106781186542759801e0 0.150923652915413430975e-14
-0.200716883425857978079e-14 0.293700547485722598084e-14
0.107274817272238798548e0 0.642765869826242286500e-15

0.707106781186544007958993541852e0 0.778127715305662599179767329181e-15
-0.707106781186542411932963758696e0 0.101431416263926959505340811214e-14
-0.163477373241121968228431671880e-14 0.305738384233614177928678541594e-14
0.107274817272238661641033544953e0 0.706962515970007325440907570577e-15

7.242590163784594e-01 -1.165033334236201e-16
-9.023747322277162e-01 1.697175803284846e-17
6.708596783505476e-01 -9.343915722676116e-17
6.562630855785623e-02 8.451485339454432e-18

0.707106781186554022046716535323e0 0.476927882614601716587977419284e-14
0.707106781186575143764319974449e0 0.453396770241984286906134602123e-14
0.223887913913748110259165575932e-13 -0.480150032504930087656691962993e-14
0.621010870020098173084129131359e1 -0.542040874491101039693545200922e-12

0.707106781186554005332473236034e0 0.311042259725122846329069777365e-14
0.707106781186573508536794149102e0 0.631856874440411012083998106138e-16
0.210567436072685263567641709025e-13 -0.839981818524990224453181736462e-14
0.621010870020083197442959943673e1 -0.678556454809377254613480318523e-12

0.707106781186553638548077390541e0 -0.139657173828950758830783124276e-14
0.707106781186571250647281652322e0 0.487537651596076058788690947539e-14
0.177556006208463363777690454871e-13 0.108891102543950633742886227037e-13
0.621010870020066727454645189013e1 0.736392383786719405948000545879e-12

0.707106781186554880676108576899e0 -0.241720598107161273433371508576e-14
0.707106781186576336437727539396e0 0.259414328569312098342364042815e-14
0.215489980612323251179995063080e-13 0.112280842943754571815354638623e-13
0.621010870020082095830039583767e1 0.815669063894068994822453811245e-12

0.707106781186558542333393938930e0 0.751684790372043708399785912992e-15
0.707106781186563494067735734650e0 0.853260052220910847958085449207e-15
0.144846259232004297989764325315e-13 -0.451440101961860346094917207758e-14
0.621010870020054810806337934732e1 -0.463251641368771340579210013919e-12

0.707106781186546296972846520390e0 0.128432390094244543785171919132e-14
0.707106781186545934937680116868e0 0.239759353568322269742045131652e-15
0.205409064018002518778805617318e-14 0.788060027312739712634627465501e-15
0.621010870020014645564309727555e1 0.941799698513686356854519568246e-13

0.707106781186548349054820279903e0 0.237494026363350343149800346150e-14
0.707106781186546738052030537504e0 -0.699179853591639999599438070609e-15
0.217367316790923985288822828357e-14 0.537067987866502796498514113328e-15
0.621010870020014157763565032295e1 0.815892423540356814795567235024e-13

0.707106781186547917264918219789e0 -0.102216020394739133040235124051e-14
0.707106781186547380589006500864e0 0.586219227582322397467430624530e-15
0.207481496785122202210604375308e-14 -0.119872088984737851442795023006e-15
0.621010870020014033589596649394e1 -0.650812766484764391559289728633e-13

0.707106781186548594811240641153e0 -0.302195633131822342462037167903e-14
0.707106781186548507480486775919e0 0.791811070661178587573370327876e-15
0.228218141615644036524942413325e-14 -0.300121163485131533465528102198e-15
0.621010870020018283997920706542e1 -0.645724303501421360649373785546e-13

0.707106781186557141049709530036e0 -0.899312806671120872245971978098e-15
0.707106781186561866794649261478e0 -0.129992152699355460242876113736e-14
0.134246982955889321066636158867e-13 -0.661433836983249690631721066201e-14
0.621010870020047061723161233149e1 -0.516011891385165119524245832426e-12

0.707106781186557190139407605941e0 0.318796710321667514379883508904e-14
0.707106781186561325633295390287e0 0.377173752908440433123639289920e-14
0.111167195540099759260013023981e-13 0.827102639576276456309243319443e-14
0.621010870020034215210400526422e1 0.539323364293187810074934933922e-12

0.707106781186558404492327219242e0 0.194603463901762021731000298220e-14
0.707106781186563101719277485206e0 0.387550138520846725300664654617e-14
0.134015136693762067803180572329e-13 0.876372220798099913685352370270e-14
0.621010870020043052803537160603e1 0.608502146818151007243032404108e-12

7.016638807349458e-01 1.223111794844586e-16
4.276109677036328e-01 -4.523745574800505e-18
8.120649260489372e-01 1.169979603616117e-16
-1.069115751328845e-01 -6.584333776043085e-16

6.977985566577797e-01 -1.921980758654139e-17
5.157469283824733e-01 -2.227125325372381e-17
4.696087396331367e-01 -1.094560993723472e-17
1.236044694096582e+00 -9.340748051706589e-17

0.707106781186545903837445188923e0 -0.688442475626328884175887483960e-15
0.707106781186548194441586539242e0 0.103609643239443450059641734019e-14
-0.110355405468710325056220109379e-13 -0.133476780329998671217505282563e-14
-0.100000000000000294217767467069e1 -0.122871805700634734306223599411e-14

0.707106781186545340370621963110e0 -0.105014020722214711925988555681e-14
0.707106781186547443623249840949e0 -0.541307587263349769513193335105e-15
-0.120433059409578120536649656276e-13 0.143474323083100816016564034483e-15
-0.100000000000000249757579734860e1 0.527684469370552807987037846415e-15

7.010624858532102e-01 7.287728943919576e-17
-4.545524727000329e-01 -9.023123437079212e-17
5.988239187296492e-01 7.534663640200027e-17
1.008749408194002e-01 6.392651634552469e-17

0.7071067811865451068586059674172691154128e0 -0.3132281047964047833665212636494866786801e-14
-0.7071067811865477789800770564235283907037e0 0.9007959424424933998459031116906290091559e-14
-0.1432894319756617483310500321445729082692e-13 0.4767897435332560495693345904452790945098e-13
0.1796864364691031094498372408012100613048e-14 -0.7085444623905263943448697286888639038613e-14

0.707106781186547353057460569450e0 0.248235624939901682600715171345e-15
-0.707106781186551391815821521261e0 0.599973264831238245659761045609e-14
-0.180010042015332360869822543572e-13 0.494282043301345879734190702564e-13
0.229155701092399622972530891018e-14 -0.737156395555909075594257826141e-14

0.7071067811865481324348740179345219504581e0 0.1297524977519548997758835867679820825134e-14
-0.7071067811865532453439089477217750298616e0 0.1495333237757721671773818967713329810816e-13
-0.1746830780365442900257693314450552860576e-13 0.4544553118554157429151489681606265919933e-13
0.2265031763687161073614727157077206573787e-14 -0.6806616751126976729733749517335679625491e-14

0.707106781186551211862e0 0.549961551993272124150e-15
-0.707106781186549943454e0 -0.127656674293874505821e-14
0.153470311749931214732e-14 0.177175025521551693109e-14
-0.100000000000000345806e1 -0.288874826837037801397e-14

0.707106781186547967929e0 0.675159797861035748667e-15
-0.707106781186547370642e0 -0.979793503275150357013e-15
0.222234327878968945085e-14 0.653933760983809073200e-15
-0.100000000000000036744e1 0.175209781579088730297e-14

7.855439329660696e-01 2.671494504218417e-15
-8.900088790135389e-01 -4.220115402798929e-15
6.685302949955809e-01 -8.376023381444279e-16
6.505328242127237e-02 -3.011822535461111e-16

0.889683392576209932340073573880e0 0.153359525875346761320234013946e-16
0.696657635035622091470550289979e0 -0.234227582387246437668028559709e-17
0.594533508403814340008980842255e0 0.272841908434176936874284995636e-17
0.849340802302245124137570757013e1 -0.958438904572708017838839039781e-16

-7.320320887960811e-01 7.675938633666584e-17
-4.229040120202634e-01 9.119706991713871e-17
7.796690225632130e-01 -2.668326471904756e-17
2.466431629966480e-03 -4.589722087125207e-18

-4.782102845959729e-01 1.952380746159118e-16
6.026748944210654e-01 -1.451377539636701e-16
8.492958359714724e-01 -1.306897845970012e-17
5.481333797122905e-02 -9.206476459023866e-18

-0.547010890945226086457088834935e0 -0.101787589691015078859291062855e-16
0.693752482757647262448218797374e0 0.255337385961876641104566342891e-16
0.953023562519754006625549730175e0 0.170854008773116260769646775769e-16
0.705615605419406213694870763803e-1 0.136912000395497510190914760504e-17

-4.523767673286549e-01 1.791874647646633e-16
7.094664853832580e-01 -1.982923061987080e-16
6.039425237470759e-01 -1.784668469032431e-16
6.018005702791759e-02 -1.460526966673452e-17

-5.442680310841573e-01 2.110714542958912e-16
7.447212026069201e-01 -3.684174034878870e-17
9.477147050061034e-01 2.200332300230366e-16
6.962661937218918e-02 4.963873150027300e-17

-5.787304793437049e-01 -1.124592576374184e-16
8.791707400819565e-01 2.525881599855760e-16
6.891953492953721e-01 1.339300728747848e-16
1.417716744722478e-01 5.518722395240449e-17

-5.306081391600135e-01 -5.746549073905504e-17
-5.380174304780364e-01 -7.568110119733873e-17
8.502426483037117e-01 -5.294311716011102e-18
1.195144426364861e-02 -2.683467701372506e-18

-5.896909661371046e-01 1.489753470245759e-17
-5.973625006407991e-01 1.013647526472354e-17
9.488736524573527e-01 7.148128248558001e-17
1.417697263391799e-02 1.352220784799587e-18

-7.071067811865507e-01 5.947813779408654e-14
-7.071067811865061e-01 -2.379584521456077e-13
-1.114212257082816e-13 -1.824034006089100e-14
1.098167606575521e-02 4.870776043617714e-15

-7.071067811864482e-01 -1.384744148050398e-13
-7.071067811865709e-01 1.842802810550594e-14
-4.044194009784667e-14 -5.235969860478514e-14
1.098167606575383e-02 3.780987731039180e-15

-7.071067811865541e-01 7.237638017746158e-14
-7.071067811865535e-01 7.069337727998130e-14
5.633243311905083e-14 1.125738666432538e-15
1.098167606575612e-02 2.196486552485032e-15

-7.071067811864967e-01 -5.607658264225955e-16
-7.071067811866844e-01 -4.102448431120958e-14
-5.246606188356892e-15 7.766700099747278e-14
1.098167606575886e-02 1.729075977319056e-15

-7.071067811861573e-01 1.523630594430973e-13
-7.071067811866530e-01 -4.105457258975791e-14
-7.907951826663644e-14 2.053806551009977e-13
1.098167606575102e-02 -1.357955673338316e-15

-7.071067811865098e-01 -2.871365423411650e-15
-7.071067811866625e-01 -2.903889956921743e-14
2.272874555026897e-14 -8.939814749306934e-14
1.098167606575792e-02 3.447462694102466e-16

-7.071067811866205e-01 -1.657997153649412e-13
-7.071067811866204e-01 -1.614726427167731e-13
1.081822405842333e-13 -6.046370755903301e-14
1.098167606575444e-02 -4.589143237083266e-15

-7.071067811865409e-01 -3.340657803301387e-14
-7.071067811865644e-01 7.416228591018781e-14
-3.149993220676454e-14 -3.979931336540029e-14
1.098167606575578e-02 -1.431668077659706e-15

-7.071067811864675e-01 -8.252963151681003e-14
-7.071067811864713e-01 -7.974313885444211e-14
-5.450277126814128e-14 -5.864384359147328e-14
1.098167606575789e-02 -2.132990009353988e-15

-7.071067811865623e-01 1.392874089875172e-13
-7.071067811865630e-01 1.350009002307044e-13
-1.076254562234282e-13 -1.857424951779539e-14
1.098167606575540e-02 3.593322493313857e-15

-7.071067811864699e-01 -7.653557254954008e-14
-7.071067811865500e-01 6.656707332188149e-15
6.412016270176714e-14 -1.082789489929681e-14
1.098167606575292e-02 1.696231733254570e-15

-7.071067811865807e-01 3.772750610024533e-14
-7.071067811865350e-01 -2.888005206789795e-14
4.836090823542181e-14 1.626668018734571e-14
1.098167606575611e-02 1.474387019251032e-15

-4.228606774824655e-01 9.169404611020345e-17
-7.308281405181465e-01 -1.976362972826743e-17
7.810180716718953e-01 -5.734536091684902e-17
2.944295685336309e-03 -2.835081278685757e-18

-4.576474704306256e-01 -1.979225777613988e-17
-7.366362224548475e-01 4.666862589939642e-17
5.992693054179299e-01 -5.506009843350546e-18
5.115776249898718e-03 -9.693301944457950e-19

-6.080714984982417e-01 -5.357893958945228e-18
-8.910356844472337e-01 -1.136289844295648e-17
7.049940081565855e-01 3.963195906801767e-18
1.262056139462128e-02 8.629400115694909e-19

-4.789360166734580e-01 -1.583061323598719e-16
6.009006338444941e-01 7.392651603092828e-17
6.300854838743652e-01 1.451063150309183e-16
7.336595904367402e-02 -2.300796240641873e-18

-4.256396506170008e-01 9.209696912980705e-18
7.089261991683811e-01 4.582683764636053e-17
8.054465163450976e-01 6.767690481864138e-17
3.709417707384609e-02 -1.123373457524326e-17

-0.707106781186779027621e0 0.210526921958810453450e-12
0.707106781186560131268e0 -0.726312456358901847864e-14
0.674284461620782955711e-13 -0.279044666767508734066e-12
-0.623691601745499796249e-13 0.847198016390055345807e-13

-0.707106781186525987234034311549e0 0.549277428638998428436095312062e-14
0.707106781186538525461140300086e0 -0.248806144154528323996304296987e-14
0.549634342627177147076550056246e-18 0.468733451480202346590926604575e-18
-0.484756673517120323212405344968e-19 -0.393073734070356696168087107629e-19

-0.707106781186731276079974419937e0 0.260618063447734965265739334307e-12
0.707106781186545227127348541596e0 -0.116665309128020754553568592065e-13
0.109577036264370313501219263945e-12 -0.333344614778866332888830564655e-12
-0.639377039844037693193688842053e-13 0.986432202505820612365333431044e-13

0.820111624629729649261564156645e0 0.660593127827078870000290800856e-16
0.855032750352761040492497850621e0 0.268360192069101938640291375510e-16
0.585441552567903980773798746710e0 0.449947958855609461034232156560e-16
0.654318315571309075611216925731e1 -0.723745931479809893374948128765e-16

-5.240278943178027e-01 7.266179001989005e-17
-5.313135799772774e-01 1.075834702933362e-16
6.629040029785476e-01 -1.193059665110134e-16
1.378024866826534e-02 -1.980815438051741e-19

-7.345141629811706e-01 -1.545449579372508e-17
4.233374174824341e-01 8.181598017720656e-17
7.791236412590390e-01 9.376785960888221e-17
1.611344321653463e-05 8.573495818868616e-18

-7.071067811865810e-01 -3.414365233716725e-14
7.071067811865607e-01 1.578083563190852e-14
-2.725407907564856e-15 -3.417362657852236e-14
6.569288389071193e-02 -5.501135007591770e-15

-0.707106781186540086321e0 -0.239096462355432859415e-13
0.707106781186548981224e0 0.422093458275762944965e-16
-0.826955243578646708065e-15 -0.658867753141453461495e-14
0.656928838907026712847e-1 0.141566081841609965608e-13

-7.071067811867815e-01 9.219698168388454e-14
7.071067811866607e-01 -4.448144414431021e-14
7.681965324548231e-14 1.509518641315788e-13
6.569288389069662e-02 2.142643508722761e-14

-0.707106781186533115877e0 -0.115172221802975482952e-13
0.707106781186543562978e0 0.268890880156420764013e-13
0.170883165703051696751e-13 0.384632497889396447636e-13
0.656928838907441341573e-1 -0.214805946061090782817e-14

-0.707106781186541374028e0 -0.101856999397409442309e-13
0.707106781186530565508e0 0.147927663499657080504e-13
0.446859436324703501277e-13 -0.103423628744991320941e-12
0.656928838907305615317e-1 -0.116869065965551077735e-13

-7.071067811862534e-01 -8.347782343710882e-14
7.071067811865527e-01 -1.403559521277662e-15
2.656768354771675e-14 1.472805993060365e-13
6.569288389071966e-02 -5.860103891268388e-16

-0.707106781186536830787e0 -0.124288261431869384577e-13
0.707106781186543107505e0 0.289983762371583131401e-13
0.119123446205418744477e-13 0.391931301205982915199e-13
0.656928838907416532791e-1 -0.251735057902073219860e-14

-7.071067811864336e-01 -3.869510417643267e-14
7.071067811868352e-01 -6.853250231580445e-14
-8.396899901693150e-15 -3.275113985848785e-13
6.569288389083290e-02 -4.795010818074998e-14

-7.071067811867391e-01 1.824787456861722e-14
7.071067811865444e-01 1.549599196647223e-15
2.455344825755800e-14 1.184397162113093e-13
6.569288389069107e-02 2.125570881034326e-14

-7.071067811863051e-01 -5.232280690304434e-14
7.071067811865525e-01 -5.809894479380237e-17
6.685463012657991e-15 1.169843937534504e-13
6.569288389071855e-02 1.861823901932313e-15

-0.707106781186534304759e0 -0.176241806522023369830e-13
0.707106781186537447644e0 0.709002491048812966135e-14
-0.129177278529120645687e-13 0.393304221960116343694e-15
0.656928838907186325838e-1 -0.202275787672357917901e-14

-7.071067811868985e-01 -1.486431397244937e-14
7.071067811867174e-01 8.241036223831656e-15
1.066725778888722e-15 2.354977809347636e-13
6.569288389067952e-02 1.134028194316989e-14

-7.433114189575646e-01 1.929989012040959e-17
4.876680454466286e-01 3.096370686545847e-17
5.361794183012936e-01 2.216084956200923e-17
9.615457382019453e-03 4.686021039970860e-18

-9.038175505303836e-01 -9.367413416875559e-17
7.007188170220114e-01 9.608964317003796e-17
6.790739796638091e-01 -3.367708640326893e-17
4.178928646808536e-02 -9.644254689740981e-18

-7.071067811865587e-01 -2.244345056171167e-14
7.071067811865354e-01 -2.238345992785640e-14
-4.921687194073919e-16 9.527506412465669e-14
-9.999999999982933e-01 -3.526378950605565e-13

-7.071067811865597e-01 -2.313364676373667e-14
7.071067811865374e-01 -2.162478708513230e-14
6.461941246257884e-14 -1.321427170083308e-14
-9.999999999968028e-01 1.794674315453392e-13

-7.382512306042074e-01 1.468909767689700e-16
-4.598663821131752e-01 2.343343156838077e-16
5.948207062885039e-01 -2.346276013970568e-16
4.550855516620203e-03 -5.250271528399089e-18

-0.707106781186566058384e0 0.680958924231117590509e-14
-0.707106781186554588718e0 0.492574731003614374458e-14
-0.206911789529699226137e-12 0.807112195291561914944e-13
0.197778874588908564216e-14 -0.140358340724745209259e-14

-0.707106781186565771175201417772e0 -0.630577055886982245689278160301e-14
-0.707106781186565771238549901136e0 -0.630627418871670696660032220772e-14
-0.506944078704023163867119016175e-18 -0.151074869587377077868580391991e-17
0.914713766028188956516511982098e-20 0.248329870998571955434677226828e-19

-0.707106781186541030661e0 0.132659318642994183968e-13
-0.707106781186548347291e0 0.123487916940667741272e-13
0.149691278271681391293e-13 -0.972279396105915014921e-13
-0.166673202609517252077e-14 0.151397281796557726344e-14

-8.543867773660122e-01 2.344185706819923e-16
-8.503057973791236e-01 1.250550686815313e-16
6.972795002506502e-01 4.574369876116759e-17
6.810816492575339e-03 5.892254564159924e-20

-0.707106781186547502632970130099e0 0.402779696497247609817255175481e-16
-0.707106781186547502632978710154e0 0.402779823701952100919256331345e-16
0.556870876073321632751713563012e-15 0.983142069592685589198721519646e-16
0.100000000000000000001321486631e1 0.391418185981742020773280708456e-20

-0.707106781186547503173749195779e0 0.398801074753959702612582507007e-16
-0.707106781186547503173757770848e0 0.398801200548559548413920640461e-16
0.274098426433489946265300107442e-15 -0.660893613377588178567500253847e-16
0.100000000000000000000696290731e1 0.288998593093429706943614646978e-21

-7.071067811865500e-01 -2.481429312099381e-15
-7.071067811865500e-01 -2.481429312099381e-15
-7.044086559278921e-15 2.163961768678703e-14
-1.000000000002503e+00 -5.411177368074982e-13

-7.071067811865479e-01 -2.813074982801301e-15
-7.071067811865502e-01 -2.872994294185294e-15
1.434610720639414e-14 -1.362197562415713e-14
-9.999999999963591e-01 -2.433059810450673e-12

-5.802107385552996e-01 -4.359889002137362e-17
-8.132928585684306e-01 -1.194627735297637e-16
9.355882952572890e-01 7.188847299680724e-17
8.821916167788945e-03 -4.582787055030194e-19

-0.707106781186548330355156306650e0 0.467499378376557307410289186576e-15
0.707106781186547362686977070462e0 0.243130525722126006668446634744e-15
-0.165145075653794856154965538515e-14 -0.157929792621736099745371679343e-14
0.999999999999997743666150769370e0 -0.661723047021746642980054575900e-16

-0.707106781186548293997003703737e0 0.398071266099995876769957795233e-15
0.707106781186548419134699571277e0 0.436347967720400688078300267640e-15
-0.786492426800876624555729032934e-15 -0.104373618162144964149804044983e-14
0.999999999999999023587732369975e0 0.560758948240602198160223794633e-16

-8.384904521859803e-01 4.822748575998986e-17
7.438237606103354e-01 4.642408633609894e-17
9.483206872186649e-01 -4.855072796149374e-17
2.684280601762370e-02 4.984146950791785e-18

-8.397766484545156e-01 4.313059565915728e-17
6.913383917053678e-01 -1.227877886784456e-17
9.503669271551068e-01 -2.883876199811834e-17
2.707356824964235e-02 1.199377420208973e-17

-8.844072209308179e-01 -6.236694664369348e-17
8.017378435858621e-01 2.351692437084995e-17
6.754236708119959e-01 1.614774804033591e-17
3.998604312294595e-02 -9.560878088035271e-18

-8.930158353068108e-01 1.025070486461292e-16
-6.149808435119103e-01 5.946281634809007e-17
7.045420575211732e-01 -2.614396730757446e-16
1.166021428904866e-02 -2.470674269095910e-18

-8.178639640222858e-01 -4.119513589736576e-17
-5.878575580720430e-01 4.203007974992531e-17
9.361645701049949e-01 6.655253941984688e-17
8.241696008556192e-03 5.751280508109914e-19

-8.172545082180362e-01 1.004494975469904e-18
-8.131380845576834e-01 5.947735359228426e-18
9.333756618105508e-01 -1.062640946387725e-17
5.381626830012043e-03 1.131208744996751e-18

4.233625203387333e-01 8.094337289691120e-17
-7.338518204424949e-01 -2.309346130868422e-17
7.803615523263777e-01 -6.077152786604543e-18
-1.584123675673628e-03 1.594095964071492e-17

4.258210109870176e-01 2.193329759835003e-17
7.093723342632194e-01 1.861879695589890e-17
8.061008785959139e-01 -3.335372215029120e-17
-1.790276204201848e-01 4.377487754097994e-17

5.220552180650312e-01 3.792234510161461e-17
7.107081856402977e-01 5.480584516398776e-18
4.567437491701845e-01 4.067652856476303e-17
8.436870186449258e-01 1.652705835796750e-16

6.127974061391834e-01 -4.147167631568121e-17
-4.714514397757172e-01 -8.484023769943393e-17
8.482076272282809e-01 -4.485415730940834e-17
7.965360620969136e-02 9.967227226952449e-21

4.932818878529586e-01 -5.943421984212003e-18
-7.428180594793651e-01 2.221913093469141e-17
5.243070371263991e-01 2.439696470631925e-17
1.337162789046626e-02 2.724455813787924e-18

7.071067811865729e-01 4.860478836729088e-14
-7.071067811865197e-01 4.867484960941723e-14
9.643703917762580e-14 1.496057128562707e-14
1.000000000004597e+00 -3.791032279319916e-12

7.071067811865733e-01 4.827843499946457e-14
-7.071067811865220e-01 4.833518284691978e-14
-5.683107671825547e-14 -7.118885060014452e-14
1.000000000001016e+00 -1.548370432981526e-13

5.510815710467567e-01 -6.648457388902696e-17
5.215179161590364e-01 -8.425346863171559e-17
8.553213995901635e-01 -6.624451399765664e-17
3.696125046558070e-01 -5.143647364736323e-16

5.869806351939285e-01 9.716452861534226e-18
5.550279748507428e-01 -7.696112206779181e-19
4.940325239538688e-01 -1.520784424724927e-18
1.707210553984339e+00 -4.408341764565793e-17

6.141443589102209e-01 -8.982084211763677e-17
-4.750355385974477e-01 8.104604204403727e-17
6.189263333871473e-01 -4.684584181698606e-17
1.135283661361574e-01 2.923762638711125e-17

7.026196753771814e-01 -7.979254164325028e-17
-4.272762400397056e-01 5.244326712961268e-17
8.110611266004695e-01 -5.224262063664967e-17
5.917201948896069e-02 1.621817057985362e-18

