107                                              

0.152198979879862614339692627393e1 -0.495132069791495993493064287728e0
0.150960893305958412250745619095e1 0.519954249092661922129865500657e0
0.224134257211167034546158352785e0 0.307445080618117144659062531353e-3
0.106687847823969314544357041325e2 -0.507641501878375424782948513281e1

0.733381436916294569614387971289e0 0.690721280635813287604212044004e-17
0.887620244549358642739927956326e0 0.435080530834460087696707002517e-16
0.590431489682744625585621393588e0 0.217875484698097731761850652868e-16
0.680555621394396644704844211164e1 -0.101556422832340266630906699978e-15

1.317130078373679e+00 2.441699763464403e-01
1.379462154779178e+00 3.816123892067599e-01
-1.086715671507263e+00 6.439120396819465e-01
3.035683940579713e-01 7.807862648062748e-01

0.707106781186537683079e0 -0.541065131066942317517e-13
-0.707106781186557019608e0 -0.539244755619339155572e-13
-0.632302691600258183801e-13 0.114435782494823403903e-12
0.999999999999998778050e0 -0.598208548668877071464e-16

0.707106781186538017009049534870e0 -0.539362145702935130781495693317e-13
-0.707106781186556645561046209803e0 -0.540818195158207495819837952141e-13
0.475762744444106718358316414103e-13 -0.168206087167202730050319401052e-13
0.100000000000000001177358130985e1 -0.504754200564856160603036820609e-16

0.889683392576209791339833485544e0 0.281545253280299078744253050797e-16
0.696657635035622046536292873999e0 0.737610707747904311829407990694e-17
0.594533508403814311834346239148e0 0.770698204252420982650018891562e-17
0.849340802302245163344134851380e1 0.101039791797250558466790457195e-16

0.768522387444321755727567947856e0 0.295546626331265968618427450370e0
0.204470224091515112150837277841e0 0.807468429924282420594537225801e-2
0.163240459278729920508489352513e0 -0.758402180502533496586597687937e-3
0.589047248505310759480701220259e1 0.818795797774108517645374038783e1

0.707106781186595633576e0 -0.387989878940231402993e-14
-0.707106781186499769234e0 -0.379679469288130011506e-14
0.401665499120791195048e-13 -0.618469074532445581436e-16
-0.293141162385768261345e-15 -0.100000000000000112714e1

0.707106781186595989538005859539e0 -0.381271340709023346103519368330e-14
-0.707106781186499418533990333764e0 -0.372833676035529974316736218391e-14
-0.129089823271884959884810589573e-12 0.157059947592476707059879638907e-13
-0.206018917157220156595365287813e-16 -0.999999999999999983511071631015e0

0.768522387444322126949685882558e0 -0.295546626331266098813176172724e0
0.204470224091515588808914319244e0 -0.807468429924244897218450181893e-2
0.163240459278730000149201029797e0 0.758402180502594149470857108655e-3
0.589047248505316347998220569835e1 -0.818795797774110068938760285612e1

0.901986110805467258540e0 0.820301484753237336025e-1
0.156615947070154999654e1 0.498340124472188895661e0
-0.119371209376149017096e1 0.602550153752970090479e0
0.315483103256331453375e0 0.644177498871286221410e0

0.820111624629729453645720740212e0 -0.688736402616628038547699635281e-18
0.855032750352760972095337373684e0 -0.881102824906883986497894127600e-18
0.585441552567903840184140896225e0 0.323827267269776937432685207205e-17
0.654318315571309085814110826081e1 -0.274738874492526971632950523343e-16

-2.976285487205238e+00 1.629935914222721e+00
-2.883563540388030e+00 -7.892876394965626e-01
2.925021531539330e+00 6.453716268205132e-01
3.231349891234952e-04 1.201070886078710e-05

-0.707106781186574332636e0 0.674364433923563960649e-14
0.707106781186523110317e0 0.621129429628167889499e-14
0.371068622829250531259e-13 -0.883236372904598456140e-13
0.205253362591840959883e-14 0.100000000000000028666e1

-0.707106781186575843743e0 0.689663034797102780793e-14
0.707106781186522607627e0 0.672203991688297142204e-14
0.483487224907521725492e-13 0.372566495618589813633e-13
-0.297616884479059984336e-15 0.100000000000000203418e1

-0.660025075191709660588404478990e0 0.109932767204849475247245713603e0
-0.660316265579181278858935545429e0 0.108321001875274671164693848522e0
-0.326616458518842892975784108113e0 0.100557766209752380067851374181e0
0.951472554889320674504538289668e-2 0.127525998283138444308416984249e-2

-0.707106781186547567647186637816e0 0.832223361546834877278164370564e-17
-0.707106781186547567647192131027e0 0.832222035894482645955781801149e-17
0.243170539604083149965570258787e-15 -0.318665562977157624684276432845e-15
0.353696418176488125488247675028e-20 0.999999999999999999993390800387e0

-0.707106781186547567372501905464e0 0.864991973258391073726297373486e-17
-0.707106781186547567372507471969e0 0.864990655698489552523142308706e-17
0.270314087927020420559238675420e-15 -0.753286798879458197701173364420e-18
0.414965804540535540935424673042e-20 0.100000000000000000000041515791e1

-0.707106781186549318249e0 -0.878664545636564930930e-15
-0.707106781186550737686e0 -0.357705401757280050390e-15
0.135867794521138291996e-14 -0.993056514953495428422e-14
0.109816760657566639444e-1 0.262751631941533694142e-15

-0.707106781186545137331649992205e0 -0.580527516623959277365976360964e-14
-0.707106781186544042720376679536e0 -0.542340030543174798656212902427e-14
-0.107683454531789927287579484242e-13 0.507257845744378637752288942449e-14
0.109816760657566493885916045971e-1 0.236584010882442521261466389405e-15

-0.707106781186548454139e0 0.241960043580874417657e-15
-0.707106781186547249537e0 -0.718765053985687130123e-15
-0.263499137440537649211e-15 -0.295418346237022995288e-15
0.109816760657567123311e-1 0.154779389242962368833e-16

-0.707106781186549849291e0 0.919064629088806039903e-16
-0.707106781186549207606e0 0.441338046837380648668e-16
0.915081039373788077343e-17 -0.370804588094546338292e-15
0.109816760657567478820e-1 0.127089882197219290749e-16

-0.707106781186547648610382684728e0 0.560755247687578868683632785487e-14
-0.707106781186552193896923671218e0 0.458526427863613828446313329374e-14
-0.567929362723423301007334858728e-14 -0.397439076096470830079899149557e-14
0.109816760657561953047309811507e-1 -0.128312362467329524838668745749e-15

-0.707106781186550176069e0 0.144346475961301679014e-13
-0.707106781186554969544e0 0.272120515140347740690e-14
0.134647983021041876900e-13 -0.513619605314496521863e-14
0.109816760657569531748e-1 0.292564438827806489601e-15

-0.707106781186550194447e0 0.144257232569978965930e-13
-0.707106781186554056754e0 0.266535518699331785974e-14
0.147727751428526374952e-13 -0.552111576729769621414e-14
0.109816760657569735612e-1 0.296301336432855649122e-15

-0.707106781186548994289e0 -0.217470627009858086254e-15
-0.707106781186549856772e0 0.110446320058382729812e-15
0.395164257254563527772e-15 -0.958090516396700807895e-14
0.109816760657566823902e-1 0.295248580358536960588e-15

-0.707106781186550261559e0 -0.531353254581631850861e-14
-0.707106781186548639430e0 -0.531727304331139349891e-14
-0.122432640931092173743e-13 0.507276207700835591443e-14
0.109816760657567369679e-1 0.255565192658791396491e-15

-0.707106781186544544019e0 0.522020306755605068005e-14
-0.707106781186552038837e0 0.411517743709524652651e-14
-0.576079249108511784546e-14 -0.390554487963310937179e-14
0.109816760657561282494e-1 -0.108491685653475024992e-15

-0.707106781186548474143e0 0.397089045672815998955e-16
-0.707106781186546639077e0 -0.712049776779855037034e-15
-0.140330127717224182896e-15 -0.416120967668543345385e-15
0.109816760657567000924e-1 0.100642337210387830537e-16

-0.707106781186546015064e0 -0.423618117580820685575e-15
-0.707106781186546760887e0 -0.147749651055462116744e-15
0.480933350313295335501e-16 -0.443890870385138466132e-15
0.109816760657567413793e-1 0.119587287866914325496e-16

-0.624906911194701272371029787404e0 0.125490358188893598237153976777e0
-0.713846216188680441897923599332e0 -0.836760288798356999881591147084e-2
-0.288222075735539201132928211319e0 0.127451015937820432553919772104e0
0.845213148144564181302634341601e-2 -0.186432070143904079651236236748e-2

-0.707106781186548552591397781984e0 0.157815352226820463473358793171e-14
0.707106781186549601623285089142e0 -0.172055802574302262117362677130e-15
0.861687592943260992698604315510e-15 -0.143450709528703029893126640207e-15
0.100000000000000158372321092621e1 -0.457666902138714687501454194614e-15

-0.707106781186554019512e0 -0.292643513588597414810e-13
0.707106781186541506084e0 -0.275307391901097320286e-13
-0.521490662976372024956e-14 0.630289714317799007863e-13
0.100000000000000018019e1 0.120026601505007768367e-14

-0.707106781186521469916064631394e0 -0.307392507304023357882236462046e-14
0.707106781186573681442864219370e0 -0.310330381107179441128071587179e-14
0.357786498484413483238615662318e-13 0.151970294026933268592506683159e-13
0.159128216827319974693549741842e-16 -0.999999999999999995632599383626e0

-0.707106781186520770175e0 -0.424817516234132774855e-14
0.707106781186575431312e0 -0.368295346477032214949e-14
-0.892306570417587757557e-13 0.271028611998993949960e-13
0.193638508005911091914e-14 -0.100000000000000078789e1

-0.288183872871609372000491357831e1 0.850704699711682918916884779287e0
-0.300867839514107343125707481958e1 -0.157225975903711871047148246337e1
0.289060170485685173922348715171e1 -0.684862823755141047352362832827e0
0.324968161926215554049763143831e-3 0.480434646443209483508640886969e-4

-7.071067811865472e-01 2.704571754935991e-15
-7.071067811865471e-01 2.815594057398507e-15
-1.892231999707155e-14 -1.550385166786178e-14
-1.000000000000487e+00 -9.184626257900922e-13

-7.071067811865476e-01 3.801133888655380e-15
-7.071067811865475e-01 3.912156191117896e-15
1.281509655178926e-14 1.087008229246051e-14
-9.999999999997924e-01 2.696903327219176e-12

-7.071067811865436e-01 -5.535202844807814e-16
-7.071067811865436e-01 -4.633146637299875e-16
1.934508404027132e-14 -6.926849415766077e-16
-1.368045699855579e-12 -1.000000000000040e+00

-0.707106781186545550429e0 -0.441524394085776594743e-15
-0.707106781186545540888e0 -0.429166183385336352796e-15
-0.216595478068814197548e-13 0.321252625346715469697e-14
0.113503261965023499735e-14 -0.100000000000000134560e1

-7.071067811865476e-01 -2.710112693282560e-15
-7.071067811865476e-01 -2.710112693282560e-15
-1.451443523506402e-14 1.678220786998699e-14
1.000000000000252e+00 -1.622382711525653e-12

-7.071067811865499e-01 -2.315139659050514e-15
-7.071067811865499e-01 -2.259628507819257e-15
1.198560446275174e-14 -1.545763145444340e-14
9.999999999991259e-01 -1.233250663881221e-12

-0.292893390346007813970e1 -0.161606683120403761544e1
-0.285063028410545594147e1 0.773669669628954291541e0
-0.237939462896964087392e1 0.621387021150659722116e0
0.350480734980677937848e-3 -0.215849582412565829683e-4

-0.707106781186543615941e0 0.239322179695217185369e-13
0.707106781186551491640e0 0.240383478096808933522e-13
-0.691986295516944289358e-13 -0.765863391592395020665e-13
-0.999999999999999857915e0 -0.216634436084328640959e-14

-0.707106781186542778775e0 0.243309333184532627925e-13
0.707106781186552179729e0 0.243661156789504174114e-13
0.281116361337811804874e-13 0.394366262884465288955e-14
-0.100000000000000062699e1 0.955615794828723608134e-15

-0.707106781186952107355434039995e0 0.121107791875120448129598143921e-13
0.707106781186564992041696539829e0 0.707663621528192670123479682133e-15
0.143821087487293162039624263858e-12 -0.154357038714206857747499395097e-12
-0.140609552607539976898076063657e-12 -0.803673229950133907376413082596e-15

-0.707106781186919595125215643695e0 0.639052280676089736758845732525e-13
0.707106781186570222664193315728e0 0.621434584422937327310696285801e-14
0.119150149569719868973927092980e-12 -0.185814366624299278905304472912e-12
-0.132326239623591709254889014241e-12 0.738113759335300627769467573060e-14

-0.707106781186985631782538231125e0 0.809409193145635606753503007067e-13
0.707106781186572460661018966120e0 -0.354217635624583241645469241185e-14
0.158984771154705333343433531979e-12 -0.195857236340978762309015430327e-12
-0.144041169207149510412165884760e-12 0.118082582569998629251446873185e-13

-0.707106781186545262736e0 -0.645181607791811551067e-15
0.707106781186574961202e0 -0.792063897109285264264e-14
0.942532984943796656083e-13 -0.223152531961855932462e-13
0.656928838907352527119e-1 -0.534905880169005837343e-14

-0.707106781186539864810006986475e0 -0.937691996058309377166991495668e-14
0.707106781186545900478021687462e0 -0.201320993438694092961234849880e-15
0.152822100143435197716415805415e-13 0.951628652413538858161094509192e-14
0.656928838907278445413052356678e-1 0.175302151086985573924181192525e-13

-0.707106781186553011658091025013e0 -0.103605862843262280577733902897e-13
0.707106781186549369217941610239e0 0.718850315404684242447779054343e-15
0.400386275353759843606440179309e-14 0.242406877929832670694361242051e-13
0.656928838907306472761906083750e-1 0.129274406380863007206287005252e-13

-0.707106781186543875318048472654e0 -0.960034266798778743821198398184e-14
0.707106781186545739164087747634e0 0.674541587536937526154137989082e-14
0.259926552742336136252283010150e-13 -0.720812394500840250127725834037e-14
0.656928838907275953924532450665e-1 0.449333996487987992045619479485e-14

-0.707106781186548243590142791155e0 -0.913581157881262485986354871136e-14
0.707106781186548926107318322474e0 0.542994995782700830257808664659e-14
-0.136837846333685590173014572044e-13 0.233779768062738155490168685556e-13
0.656928838907262304815302620164e-1 0.435112118909907881175798257938e-14

-0.707106781186542001756557536362e0 -0.103436597545660805311257277597e-13
0.707106781186549253658889828435e0 -0.137383573301839662514136529736e-15
0.144420706339283064576472178230e-13 0.636478907686185231897558627823e-14
0.656928838907293837743028092230e-1 0.187841755822352826159333297247e-13

-0.707106781186546398150009967628e0 -0.520277374525664253383173209331e-14
0.707106781186534848579147313404e0 -0.246675473307660489698878113137e-14
-0.627399488195953781056044199569e-13 0.307749820812363781647360433573e-13
0.656928838907254686296671109013e-1 -0.633191841489811037035114456719e-14

-0.707106781186554582598469831634e0 -0.119817618732228530943765819779e-13
0.707106781186547948209976222928e0 0.656244537344837530157211170681e-16
0.309795827378999960485088100974e-14 0.282281730277445037122083031575e-13
0.656928838907318666263776850603e-1 0.138487748990154723181096844669e-13

-0.707106781186545763019437909311e0 -0.491606272489133673472627103530e-14
0.707106781186535654539700587519e0 -0.548347642542783749505054717969e-14
-0.686926930124008484727687271823e-13 0.225085073047266084785159186985e-13
0.656928838907253610596914837976e-1 -0.706032560097327419220881389328e-14

-0.707106781186549783567279836246e0 -0.871432040189461660036691617696e-14
0.707106781186548983166111153320e0 0.716920289431370530193599930079e-14
-0.173475385277226519734256457373e-13 0.261185752011793793137305604267e-13
0.656928838907266015648488147516e-1 0.488644638561906156630575726616e-14

-0.707106781186547093114579362315e0 -0.106924360657257573310639749683e-13
0.707106781186549079116682365650e0 0.723701730526374055421767847813e-14
0.227861544655061526632167428284e-13 -0.972643797548676862171418196438e-14
0.656928838907278322721990803740e-1 0.453879008562546466292725290831e-14

-0.707106781186545887453265688190e0 -0.286348953050220265604844633866e-14
0.707106781186570150725146611144e0 -0.612142177364922445687411823231e-14
0.793169687968588577633426299087e-13 -0.180397296871772509697789083803e-13
0.656928838907339604035896883603e-1 -0.628993156198554726685161905670e-14

-0.707106781186567363546171387773e0 -0.182643833192527268368275774472e-14
-0.707106781186576309462820544333e0 -0.927250922031995312452320459473e-15
0.103021630128291266827140542243e-13 -0.105425666763585089278419933094e-13
-0.131803719424005963617922151587e-14 0.186943044065804592562733751847e-15

-0.707106781186956081048474471090e0 0.358569968564104344430494319674e-13
-0.707106781186929602664639294433e0 0.327176401527481520298683123111e-13
0.141996674994173535709967677585e-12 -0.176317106046759785342072816320e-12
-0.191915210668588345386609212829e-13 0.477945860244416502143570630220e-14

-0.707106781186577421085088110521e0 0.163930936839161785115239365368e-14
-0.707106781186574691157645084686e0 0.149769006804478859722275302029e-14
0.102487889943906466316530975703e-13 -0.118023209193344535037483699461e-13
-0.136844439384661757400663432616e-14 0.312471715734230281910191063127e-15

-7.144238157268347e-01 9.013934479403823e-03
-6.245133145038069e-01 -1.247160260630101e-01
-2.873988720462294e-01 -1.280539991430937e-01
8.228258523328013e-03 2.126958202194362e-03

0.707106781186526439943873869401e0 0.515629057745436706894194633864e-14
-0.707106781186991526972083356786e0 0.290968078537849355004179312980e-12
0.203837369078820847913715299506e-12 -0.280850847484388752087370460137e-13
-0.242202073651047059847645238418e-12 0.296072300128007282335662666094e-13

0.707106781186537112475165654243e0 0.213703125503921682810914224901e-13
-0.707106781186924864067061896143e0 0.249761354171154281487746971967e-12
0.176076031479850735797006164780e-12 -0.132326288999732825686033132179e-13
-0.222396766820075369827496854468e-12 0.117830919952969102858735969952e-13

0.707106781186520312327131591141e0 0.629357476759778853693312948612e-14
-0.707106781186988905935860337255e0 0.214317434939254286704479425053e-12
0.198849490686665198494831236371e-12 0.546771749716116135120269238420e-14
-0.245949570034224302389871365830e-12 0.236334799364174707684998540418e-14

0.100761204286525371239e1 -0.265947987234088695940e0
0.153480320966040704143e1 0.597479591832305950976e0
-0.122339621014355543686e1 0.480192422132712612193e0
0.490554820097213299950e0 0.590745288721099272755e0

0.707106781186540866013922890387e0 -0.366788284424616790596531223714e-14
0.707106781186530149366113402024e0 -0.220769809135658673290910935085e-13
-0.473679841019448952968697664516e-14 -0.263551443882338687855599118127e-13
0.621010870020010554115211370533e1 -0.106241945521784643465413690085e-11

0.707106781186537365728392540649e0 -0.799003022936847281325837515130e-14
0.707106781186532883578721110340e0 -0.118853745001389452987038466959e-13
-0.147154678180069402038752133185e-13 -0.425870882478417634119440085104e-14
0.621010870019924194459348182522e1 0.401914147958403312835884109879e-13

0.7071067811865464583609639653850497808615e0 -0.7012686951959712513424865752692051927383e-14
0.7071067811865306966873376302352307002234e0 -0.1991787047572674547624973475864358845869e-13
-0.1900029317030925039167004551940890704860e-13 -0.6986037163127205427676861665731675021943e-14
0.6210108700198996653573722000220474413086e1 -0.1575205446245355837204206282963117235973e-12

0.7071067811865400439492306171856455494507e0 -0.2388254114454080440082765007868054055713e-14
0.7071067811865258661459017489318233219870e0 -0.1783992363273564029196150281636545564200e-13
-0.8526612656525326522618065221443498836398e-14 -0.2415453846715546237769224162911280519459e-13
0.6210108700199924059191887309872975034133e1 -0.1028165056995104903492338083701447255130e-11

0.7071067811865495503036815755865909214424e0 -0.2157879327885966266690982308026714495406e-14
0.7071067811865461412691640878572783402494e0 0.6268300542404055631801447443742829865975e-15
-0.1198917707791462609065260183649657980057e-14 -0.1671181253756134126129223006180678152768e-14
0.6210108700200027547063390303819111973041e1 -0.1223310786084309781694886640000559825298e-12

0.707106781186548269521111606532e0 -0.236356182239928391930185992495e-14
0.707106781186547412271755582493e0 0.162314389759164776138600976649e-15
-0.128259421097472007090063416878e-14 -0.192781306357397860799746362094e-14
0.621010870020003751118612285589e1 -0.142066604291262074841392643522e-12

0.707106781186545286415016060166e0 0.445754062886912069471348221505e-15
0.707106781186547699901444436089e0 -0.683268422210708579270386705708e-16
-0.185634928503005756104352368302e-14 -0.162600451621128742949906950521e-14
0.621010870019992143387924337668e1 -0.344488058060981990373357245453e-13

0.707106781186541794361281904586e0 -0.983073120530666581212354251205e-14
0.707106781186539267621186592698e0 -0.143955620489933515507740010612e-13
-0.134688425015980600314830850052e-14 -0.175359330633543408292090028390e-13
0.621010870020021765727596249006e1 -0.657050208271429909955414655818e-12

0.7071067811865469412339103139241142933491e0 0.4341079015883145151906120757907674133648e-15
0.7071067811865473301238023399901594240335e0 -0.3286037990448877801520584036266777996938e-15
-0.1912558788793590077948776843884589004144e-14 -0.1334924987681660495345425118482049603081e-14
0.6210108700199917359029460868407288964862e1 -0.1787637792346982533119117853443093777247e-13

0.7071067811865401303102677209917686796140e0 -0.6882148052115206872988283814057356790397e-14
0.7071067811865369651294695862628793352009e0 -0.1046978459458187417406597766240620775373e-13
-0.1266941023027617809441655401706694337937e-13 -0.3525159144770490728926242785831283199266e-14
0.6210108700199362719355319355219583245774e1 0.2802900868765391347492470106759691420408e-13

0.7071067811865389186457766003454597536108e0 -0.8292474955670950871037914491449243808838e-14
0.7071067811865347531969388112900212918930e0 -0.1233032104719164815328731259769333700044e-13
-0.3826173014723528407319434281175828643577e-14 -0.1651896813180945450726903046035892807902e-13
0.6210108700200096875590526630759102127516e1 -0.6610964932424222439001418553521701467410e-12

0.707106781186545694458381515746e0 -0.812240765939917336936778061890e-14
0.707106781186525112224238594735e0 -0.235061083206264525622965424685e-13
-0.222668900331055958461660258653e-13 -0.858484338926173722550463336812e-14
0.621010870019878330848871857643e1 -0.181084398581684284369298405245e-12

0.707106781186554739856e0 0.422739913821107426983e-13
-0.707106781186537598294e0 0.440249778906748323593e-13
0.633617421359269167337e-13 0.272254276447850402149e-13
-0.999999999999999296515e0 0.138959481942035889546e-14

0.707106781186547618973002424126e0 0.185596678598264680444076677892e-15
-0.707106781186547327958841746768e0 0.127208716436554387133585043477e-14
-0.557869370520052049912146472692e-15 -0.836899162783534125394806394025e-15
-0.100000000000000177494214813014e1 -0.496149690094071704913842378744e-15

0.707106781186545873685557791586e0 0.369900040114962226366599490699e-15
-0.707106781186547001645895971352e0 0.224189457873615469599931073540e-15
0.898600153577100755996875223752e-15 0.117048197267035052846643705052e-14
0.352817255774299896893451777235e-15 0.999999999999999930575192571484e0

0.707106781186501900341e0 0.138012092531190899702e-13
-0.707106781186593376322e0 0.143397392484562180570e-13
0.449688838788254268888e-13 -0.534354846416115338353e-13
0.112324700322213866244e-14 0.999999999999998104544e0

0.707106781186558310747837120916e0 -0.661351390167544596313091834427e-13
-0.707106781186537589989820505510e0 -0.182096350335992787719330844335e-14
0.216174172590273734591119041344e-12 -0.226304486201779964370260271904e-13
0.107274817272258354845828019719e0 -0.186800564175334180442952483934e-13

0.707106781186547356392569284945e0 0.923032933799904126544886903738e-15
-0.707106781186568071555118153687e0 -0.215597757370969455519677274810e-14
0.550245438884051418129584756312e-14 0.759387787486220063500584051189e-13
0.107274817272237025257941913472e0 0.338292667238995009370342894956e-13

0.707106781186546387104425212580e0 0.321128194398227007022893919847e-15
-0.707106781186571353311169625018e0 -0.349566608544506050917070561243e-14
0.208480226585933865173111627710e-14 0.884778590469165499706911798036e-13
0.107274817272238362060655411316e0 0.382424194230320795835189054177e-13

0.707106781186495702429880067289e0 0.929219710331861430627666129652e-14
-0.707106781186545841131286860948e0 0.316908215398181350342345728013e-14
-0.354774599976174668113458066884e-13 0.731305381286289733397741977007e-13
0.107274817272238781296874185783e0 0.177418340640920233304811720655e-15

0.707106781186548478480e0 -0.180178138034503554366e-14
-0.707106781186547928356e0 0.755959964765517966612e-15
0.400309258838577152750e-14 -0.358595913329699370123e-15
0.107274817272239619309e0 -0.589870356336105738926e-15

0.707106781186545571598321062135e0 0.643862632531105666444155831646e-15
-0.707106781186539122122052657217e0 -0.159839006832228532952891772695e-13
0.253787505317809492302947255224e-13 -0.116524058444970651666709803096e-13
0.107274817272234849639332793046e0 0.281986151795316382404896461194e-13

0.707106781186546454518271475534e0 0.486215917306537331497305682510e-14
-0.707106781186543252754104758605e0 -0.647375871365403836305419774129e-14
0.234343452961169990573464430441e-13 -0.230709903600855962436182742996e-13
0.107274817272237592171191641755e0 0.769503995139554198720039680401e-14

0.707106781186497228927682499896e0 0.301319777590259940319087334487e-14
-0.707106781186544575468818012801e0 0.735025537275165855278178533009e-14
-0.498540929696715121058070203662e-13 0.683572366600829871210592792975e-13
0.107274817272238041247333437909e0 -0.102834935727987541808325939495e-14

0.707106781186547292483575200633e0 -0.383652971269603084623402235527e-15
-0.707106781186540775307699459241e0 -0.150903495623097110126544471176e-13
0.287264245875902482937875849455e-13 -0.817524523823136671512349526480e-14
0.107274817272234268242340183789e0 0.258498706665515706686099077081e-13

0.707106781186556061492026815574e0 0.600819992168139716717060336031e-14
-0.707106781186568072316561412291e0 0.121092110819850217419226659443e-14
-0.203095175464710668485695609143e-13 0.806298195772306555187668768562e-13
0.107274817272235816356450254336e0 0.184614909520417810469846366600e-13

0.707106781186549232321206460345e0 0.340498846697419740114452827843e-14
-0.707106781186546713951836116862e0 -0.300843109618084002916464215285e-14
0.287698181529208890288319329974e-13 -0.217678041961268762541266764544e-13
0.107274817272238519421093993870e0 0.662721151912960281121390508139e-14

0.707106781186559831707879718049e0 0.682547073672664920351366138147e-14
-0.707106781186571839808088542649e0 0.634846963416895205585326565772e-15
-0.289800910422363355942299884020e-13 0.921571011895816391746353563019e-13
0.107274817272235682714599984040e0 0.209928697731323496363901632220e-13

0.707106781186547144127875493477e0 -0.161816504815051021120309108078e-14
0.707106781186547572212547985732e0 -0.382752120355022679474753580740e-15
0.697177920346559823449138064040e-13 0.100244125387182156230628257272e-12
0.100000000000002616417169177646e1 0.349498049091476807119869507299e-13

0.707106781186547844507180918155e0 -0.148878204074523387271041000405e-14
0.707106781186547984035034549441e0 -0.215840958011492084123623745241e-14
0.442767836914942308784038385818e-13 0.956940501795532854223105474834e-13
0.100000000000001677358299620133e1 0.295618502606233709887273104839e-13

0.7071067811865526588271623412970308697462e0 0.2863165972147093153987562016343850237112e-15
0.7071067811865508147079849642524608911502e0 0.2096377024190304030583354798228655954160e-15
-0.1343830946934105106736032869941378300891e-13 -0.1011086350119944153724594081727632983222e-13
0.1064277218521532562745766895003346841101e-12 0.5506996178322332055359963002804797321019e-13

0.707106781186547537520417132563e0 0.148158367129298802480234939268e-16
0.707106781186547521677729279326e0 0.128513499374409195210045770952e-16
-0.142141769275347287197885381361e-13 -0.137704899827993819519277351659e-13
0.113699010999369744504567398114e-12 0.920534456510086152667581998142e-13

0.7071067811865492476041464082428000476871e0 -0.2091257092973466832558155675768790099898e-15
0.7071067811865451791979910960594170887257e0 -0.2412916373299833720968098425096092795616e-15
-0.1075843450542679083386014418988344346541e-13 -0.1230107493127953359446869730298474204506e-13
0.7886827303766860483139750415549936355156e-13 0.7663772010604732554557411232195262593597e-13

0.707106781186547519265609269492e0 -0.205230607410480728129581701578e-17
0.707106781186547517738756213823e0 -0.943718885805454281733062384220e-18
0.382839714266449078819016420092e-14 0.262195654042321023981892359198e-14
0.184633713615541504926839667545e-14 0.100000000000000073912143348228e1

0.707106781186547519643287575708e0 -0.192477584985934575329455391747e-17
0.707106781186547518590831027294e0 -0.972459236105797773111638634450e-18
0.324469703063702305512809603790e-14 0.238372469514290316997415693261e-14
0.156719812109928659426718374042e-14 0.100000000000000068913084837960e1

0.707106781186546894283937480814e0 0.138514350420993097549681375670e-14
0.707106781186549854751012461834e0 0.294438546521308369001586547084e-15
0.608683826914035426545251684716e-14 0.677525540048520562569299919898e-14
-0.999999999999997437476018663171e0 0.289419468053238935101450718559e-14

0.707106781186550052799436119633e0 -0.147083060969699474780024071208e-14
0.707106781186550225936849844359e0 -0.173938562865645553987807862846e-14
0.607681168654327437818460797622e-14 0.826022042833056399958086281295e-14
-0.999999999999999630960762338494e0 0.401040601019984168865877452429e-14

0.707106781186549198427114973476e0 0.230592378564440421872191398046e-15
0.707106781186546632499416692530e0 -0.196837800395514999656690954232e-15
-0.780591134371406868442408177221e-15 0.590346683114122990887845773591e-14
-0.654654543366163030554667885429e-15 -0.999999999999998098001461248944e0

0.707106781186549890282848223002e0 -0.163552007889870144916675664646e-15
0.707106781186549603705448092018e0 -0.137030967057788245753117251484e-16
-0.161565429085909265344963093623e-14 0.569629789344055967473564857941e-14
-0.700274873219064215961427587411e-15 -0.100000000000000115293090479659e1

